/*--------------------------------*- C++ -*----------------------------------*\
| =========                 |                                                 |
| \\      /  F ield         | OpenFOAM: The Open Source CFD Toolbox           |
|  \\    /   O peration     | Version:  2406                                  |
|   \\  /    A nd           | Website:  www.openfoam.com                      |
|    \\/     M anipulation  |                                                 |
\*---------------------------------------------------------------------------*/
FoamFile
{
    version     2.0;
    format      ascii;
    arch        "LSB;label=32;scalar=64";
    class       cellSet;
    location    "constant/polyMesh/sets";
    object      concaveCells;
}
// * * * * * * * * * * * * * * * * * * * * * * * * * * * * * * * * * * * * * //


8640
(
884820
884821
884822
884823
884824
884825
884826
884827
884828
884829
884830
884831
884832
884833
884834
884835
884836
884837
884838
884839
1015960
1015961
1015962
1015963
1015964
1015965
1015966
1015967
1015968
1015969
1015970
1015971
1015972
1015973
1015974
1015975
1015976
1015977
1015978
1015979
459160
459161
459162
459163
459164
459165
459166
459167
459168
459169
459170
459171
459172
459173
459174
459175
459176
459177
459178
459179
524820
524821
524822
524823
524824
524825
524826
524827
524828
524829
524830
524831
524832
524833
524834
524835
524836
524837
524838
524839
655960
655961
655962
655963
655964
655965
655966
655967
655968
655969
655970
655971
655972
655973
655974
655975
655976
655977
655978
655979
721620
721621
721622
721623
721624
721625
721626
721627
721628
721629
721630
721631
721632
721633
721634
721635
721636
721637
721638
721639
852760
852761
852762
852763
852764
852765
852766
852767
852768
852769
852770
852771
852772
852773
852774
852775
852776
852777
852778
852779
918420
918421
918422
918423
918424
918425
918426
918427
918428
918429
918430
918431
918432
918433
918434
918435
918436
918437
918438
918439
1049560
1049561
1049562
1049563
1049564
1049565
1049566
1049567
1049568
1049569
1049570
1049571
1049572
1049573
1049574
1049575
1049576
1049577
1049578
1049579
492760
492761
492762
492763
492764
492765
492766
492767
492768
492769
492770
492771
492772
492773
492774
492775
492776
492777
492778
492779
558420
558421
558422
558423
558424
558425
558426
558427
558428
558429
558430
558431
558432
558433
558434
558435
558436
558437
558438
558439
689560
689561
689562
689563
689564
689565
689566
689567
689568
689569
689570
689571
689572
689573
689574
689575
689576
689577
689578
689579
755220
755221
755222
755223
755224
755225
755226
755227
755228
755229
755230
755231
755232
755233
755234
755235
755236
755237
755238
755239
886360
886361
886362
886363
886364
886365
886366
886367
886368
886369
886370
886371
886372
886373
886374
886375
886376
886377
886378
886379
952020
952021
952022
952023
952024
952025
952026
952027
952028
952029
952030
952031
952032
952033
952034
952035
952036
952037
952038
952039
395220
395221
395222
395223
395224
395225
395226
395227
395228
395229
395230
395231
395232
395233
395234
395235
395236
395237
395238
395239
526360
526361
526362
526363
526364
526365
526366
526367
526368
526369
526370
526371
526372
526373
526374
526375
526376
526377
526378
526379
592020
592021
592022
592023
592024
592025
592026
592027
592028
592029
592030
592031
592032
592033
592034
592035
592036
592037
592038
592039
723160
723161
723162
723163
723164
723165
723166
723167
723168
723169
723170
723171
723172
723173
723174
723175
723176
723177
723178
723179
788820
788821
788822
788823
788824
788825
788826
788827
788828
788829
788830
788831
788832
788833
788834
788835
788836
788837
788838
788839
919960
919961
919962
919963
919964
919965
919966
919967
919968
919969
919970
919971
919972
919973
919974
919975
919976
919977
919978
919979
985620
985621
985622
985623
985624
985625
985626
985627
985628
985629
985630
985631
985632
985633
985634
985635
985636
985637
985638
985639
428820
428821
428822
428823
428824
428825
428826
428827
428828
428829
428830
428831
428832
428833
428834
428835
428836
428837
428838
428839
559960
559961
559962
559963
559964
559965
559966
559967
559968
559969
559970
559971
559972
559973
559974
559975
559976
559977
559978
559979
625620
625621
625622
625623
625624
625625
625626
625627
625628
625629
625630
625631
625632
625633
625634
625635
625636
625637
625638
625639
756760
756761
756762
756763
756764
756765
756766
756767
756768
756769
756770
756771
756772
756773
756774
756775
756776
756777
756778
756779
822420
822421
822422
822423
822424
822425
822426
822427
822428
822429
822430
822431
822432
822433
822434
822435
822436
822437
822438
822439
953560
953561
953562
953563
953564
953565
953566
953567
953568
953569
953570
953571
953572
953573
953574
953575
953576
953577
953578
953579
1019220
1019221
1019222
1019223
1019224
1019225
1019226
1019227
1019228
1019229
1019230
1019231
1019232
1019233
1019234
1019235
1019236
1019237
1019238
1019239
396760
396761
396762
396763
396764
396765
396766
396767
396768
396769
396770
396771
396772
396773
396774
396775
396776
396777
396778
396779
462420
462421
462422
462423
462424
462425
462426
462427
462428
462429
462430
462431
462432
462433
462434
462435
462436
462437
462438
462439
593560
593561
593562
593563
593564
593565
593566
593567
593568
593569
593570
593571
593572
593573
593574
593575
593576
593577
593578
593579
659220
659221
659222
659223
659224
659225
659226
659227
659228
659229
659230
659231
659232
659233
659234
659235
659236
659237
659238
659239
790360
790361
790362
790363
790364
790365
790366
790367
790368
790369
790370
790371
790372
790373
790374
790375
790376
790377
790378
790379
856020
856021
856022
856023
856024
856025
856026
856027
856028
856029
856030
856031
856032
856033
856034
856035
856036
856037
856038
856039
987160
987161
987162
987163
987164
987165
987166
987167
987168
987169
987170
987171
987172
987173
987174
987175
987176
987177
987178
987179
1052820
1052821
1052822
1052823
1052824
1052825
1052826
1052827
1052828
1052829
1052830
1052831
1052832
1052833
1052834
1052835
1052836
1052837
1052838
1052839
430360
430361
430362
430363
430364
430365
430366
430367
430368
430369
430370
430371
430372
430373
430374
430375
430376
430377
430378
430379
496020
496021
496022
496023
496024
496025
496026
496027
496028
496029
496030
496031
496032
496033
496034
496035
496036
496037
496038
496039
627160
627161
627162
627163
627164
627165
627166
627167
627168
627169
627170
627171
627172
627173
627174
627175
627176
627177
627178
627179
692820
692821
692822
692823
692824
692825
692826
692827
692828
692829
692830
692831
692832
692833
692834
692835
692836
692837
692838
692839
823960
823961
823962
823963
823964
823965
823966
823967
823968
823969
823970
823971
823972
823973
823974
823975
823976
823977
823978
823979
889620
889621
889622
889623
889624
889625
889626
889627
889628
889629
889630
889631
889632
889633
889634
889635
889636
889637
889638
889639
1020760
1020761
1020762
1020763
1020764
1020765
1020766
1020767
1020768
1020769
1020770
1020771
1020772
1020773
1020774
1020775
1020776
1020777
1020778
1020779
463960
463961
463962
463963
463964
463965
463966
463967
463968
463969
463970
463971
463972
463973
463974
463975
463976
463977
463978
463979
529620
529621
529622
529623
529624
529625
529626
529627
529628
529629
529630
529631
529632
529633
529634
529635
529636
529637
529638
529639
660760
660761
660762
660763
660764
660765
660766
660767
660768
660769
660770
660771
660772
660773
660774
660775
660776
660777
660778
660779
726420
726421
726422
726423
726424
726425
726426
726427
726428
726429
726430
726431
726432
726433
726434
726435
726436
726437
726438
726439
857560
857561
857562
857563
857564
857565
857566
857567
857568
857569
857570
857571
857572
857573
857574
857575
857576
857577
857578
857579
923220
923221
923222
923223
923224
923225
923226
923227
923228
923229
923230
923231
923232
923233
923234
923235
923236
923237
923238
923239
1054360
1054361
1054362
1054363
1054364
1054365
1054366
1054367
1054368
1054369
1054370
1054371
1054372
1054373
1054374
1054375
1054376
1054377
1054378
1054379
497560
497561
497562
497563
497564
497565
497566
497567
497568
497569
497570
497571
497572
497573
497574
497575
497576
497577
497578
497579
563220
563221
563222
563223
563224
563225
563226
563227
563228
563229
563230
563231
563232
563233
563234
563235
563236
563237
563238
563239
694360
694361
694362
694363
694364
694365
694366
694367
694368
694369
694370
694371
694372
694373
694374
694375
694376
694377
694378
694379
760020
760021
760022
760023
760024
760025
760026
760027
760028
760029
760030
760031
760032
760033
760034
760035
760036
760037
760038
760039
891160
891161
891162
891163
891164
891165
891166
891167
891168
891169
891170
891171
891172
891173
891174
891175
891176
891177
891178
891179
956820
956821
956822
956823
956824
956825
956826
956827
956828
956829
956830
956831
956832
956833
956834
956835
956836
956837
956838
956839
400020
400021
400022
400023
400024
400025
400026
400027
400028
400029
400030
400031
400032
400033
400034
400035
400036
400037
400038
400039
531160
531161
531162
531163
531164
531165
531166
531167
531168
531169
531170
531171
531172
531173
531174
531175
531176
531177
531178
531179
596820
596821
596822
596823
596824
596825
596826
596827
596828
596829
596830
596831
596832
596833
596834
596835
596836
596837
596838
596839
727960
727961
727962
727963
727964
727965
727966
727967
727968
727969
727970
727971
727972
727973
727974
727975
727976
727977
727978
727979
793620
793621
793622
793623
793624
793625
793626
793627
793628
793629
793630
793631
793632
793633
793634
793635
793636
793637
793638
793639
924760
924761
924762
924763
924764
924765
924766
924767
924768
924769
924770
924771
924772
924773
924774
924775
924776
924777
924778
924779
990420
990421
990422
990423
990424
990425
990426
990427
990428
990429
990430
990431
990432
990433
990434
990435
990436
990437
990438
990439
433620
433621
433622
433623
433624
433625
433626
433627
433628
433629
433630
433631
433632
433633
433634
433635
433636
433637
433638
433639
564760
564761
564762
564763
564764
564765
564766
564767
564768
564769
564770
564771
564772
564773
564774
564775
564776
564777
564778
564779
630420
630421
630422
630423
630424
630425
630426
630427
630428
630429
630430
630431
630432
630433
630434
630435
630436
630437
630438
630439
761560
761561
761562
761563
761564
761565
761566
761567
761568
761569
761570
761571
761572
761573
761574
761575
761576
761577
761578
761579
827220
827221
827222
827223
827224
827225
827226
827227
827228
827229
827230
827231
827232
827233
827234
827235
827236
827237
827238
827239
958360
958361
958362
958363
958364
958365
958366
958367
958368
958369
958370
958371
958372
958373
958374
958375
958376
958377
958378
958379
1024020
1024021
1024022
1024023
1024024
1024025
1024026
1024027
1024028
1024029
1024030
1024031
1024032
1024033
1024034
1024035
1024036
1024037
1024038
1024039
401560
401561
401562
401563
401564
401565
401566
401567
401568
401569
401570
401571
401572
401573
401574
401575
401576
401577
401578
401579
467220
467221
467222
467223
467224
467225
467226
467227
467228
467229
467230
467231
467232
467233
467234
467235
467236
467237
467238
467239
598360
598361
598362
598363
598364
598365
598366
598367
598368
598369
598370
598371
598372
598373
598374
598375
598376
598377
598378
598379
664020
664021
664022
664023
664024
664025
664026
664027
664028
664029
664030
664031
664032
664033
664034
664035
664036
664037
664038
664039
795160
795161
795162
795163
795164
795165
795166
795167
795168
795169
795170
795171
795172
795173
795174
795175
795176
795177
795178
795179
860820
860821
860822
860823
860824
860825
860826
860827
860828
860829
860830
860831
860832
860833
860834
860835
860836
860837
860838
860839
991960
991961
991962
991963
991964
991965
991966
991967
991968
991969
991970
991971
991972
991973
991974
991975
991976
991977
991978
991979
1057640
1057641
1057642
1057643
1057644
1057645
1057646
1057647
1057648
1057649
1057650
1057651
1057652
1057653
1057654
1057655
1057656
1057657
1057658
1057659
1057660
1057661
1057662
1057663
1057664
1057665
1057666
1057667
1057668
1057669
1057670
1057671
1057672
1057673
1057674
1057675
1057676
1057677
1057678
1057679
1057680
1057681
1057682
1057683
1057684
1057685
1057686
1057687
1057688
1057689
1057690
1057691
1057692
1057693
1057694
1057695
1057696
1057697
1057698
1057699
1057700
1057701
1057702
1057703
1057704
1057705
1057706
1057707
1057708
1057709
1057710
1057711
1057712
1057713
1057714
1057715
1057716
1057717
1057718
1057719
1057720
1057721
1057722
1057723
1057724
1057725
1057726
1057727
1057728
1057729
1057730
1057731
1057732
1057733
1057734
1057735
1057736
1057737
1057738
1057739
1057740
1057741
1057742
1057743
1057744
1057745
1057746
1057747
1057748
1057749
1057750
1057751
1057752
435160
1057753
435161
1057754
435162
1057755
435163
1057756
435164
1057757
435165
1057758
435166
1057759
435167
1057760
435168
1057761
435169
1057762
435170
1057763
435171
1057764
435172
1057765
435173
1057766
435174
1057767
435175
1057768
435176
1057769
435177
1057770
435178
1057771
435179
1057772
1057773
1057774
1057775
1057776
1057777
1057778
1057779
1057780
1057781
1057782
1057783
1057784
1057785
1057786
1057787
1057788
1057789
1057790
1057791
1057792
1057793
1057794
1057795
1057796
1057797
1057798
1057799
1057800
1057801
1057802
1057803
1057804
1057805
1057806
1057807
1057808
1057809
1057810
1057811
1057812
1057813
1057814
1057815
1057816
1057817
1057818
1057819
1057820
1057821
1057822
1057823
1057824
1057825
1057826
1057827
1057828
1057829
1057830
1057831
1057832
1057833
1057834
1057835
1057836
1057837
1057838
1057839
1057840
1057841
1057842
1057843
1057844
1057845
1057846
1057847
1057848
1057849
1057850
1057851
1057852
1057853
1057854
1057855
1057856
1057857
1057858
1057859
1057860
1057861
1057862
1057863
1057864
1057865
1057866
1057867
1057868
1057869
1057870
1057871
1057872
1057873
1057874
1057875
1057876
500820
1057877
500821
1057878
500822
1057879
500823
1057880
500824
1057881
500825
1057882
500826
1057883
500827
1057884
500828
1057885
500829
1057886
500830
1057887
500831
1057888
500832
1057889
500833
1057890
500834
1057891
500835
1057892
500836
1057893
500837
1057894
500838
1057895
500839
1057896
1057897
1057898
1057899
1057900
1057901
1057902
1057903
1057904
1057905
1057906
1057907
1057908
1057909
1057910
1057911
1057912
1057913
1057914
1057915
1057916
1057917
1057918
1057919
1057920
1057921
1057922
1057923
1057924
1057925
1057926
1057927
1057928
1057929
1057930
1057931
1057932
1057933
1057934
1057935
1057936
1057937
1057938
1057939
1057940
1057941
1057942
1057943
1057944
631960
1057945
631961
1057946
631962
1057947
631963
1057948
631964
1057949
631965
1057950
631966
1057951
631967
1057952
631968
1057953
631969
1057954
631970
1057955
631971
1057956
631972
1057957
631973
1057958
631974
1057959
631975
1057960
631976
1057961
631977
1057962
631978
1057963
631979
1057964
1057965
1057966
1057967
1057968
1057969
1057970
1057971
1057972
1057973
1057974
1057975
1057976
1057977
1057978
1057979
1057980
1057981
1057982
1057983
1057984
1057985
1057986
1057987
1057988
1057989
1057990
1057991
1057992
1057993
1057994
1057995
1057996
1057997
1057998
1057999
1058000
1058001
1058002
1058003
1058004
1058005
1058006
1058007
1058008
1058009
1058010
1058011
1058012
1058013
1058014
1058015
1058016
1058017
1058018
1058019
1058020
1058021
1058022
1058023
1058024
1058025
1058026
1058027
1058028
1058029
1058030
1058031
1058032
1058033
1058034
1058035
1058036
1058037
1058038
1058039
1058040
1058041
1058042
1058043
1058044
1058045
1058046
1058047
1058048
1058049
1058050
1058051
1058052
1058053
1058054
1058055
1058056
1058057
1058058
1058059
1058060
1058061
1058062
1058063
1058064
1058065
1058066
1058067
1058068
697620
1058069
697621
1058070
697622
1058071
697623
1058072
697624
1058073
697625
1058074
697626
1058075
697627
1058076
697628
1058077
697629
1058078
697630
1058079
697631
1058080
697632
1058081
697633
1058082
697634
1058083
697635
1058084
697636
1058085
697637
1058086
697638
1058087
697639
1058088
1058089
1058090
1058091
1058092
1058093
1058094
1058095
1058096
1058097
1058098
1058099
1058100
1058101
1058102
1058103
1058104
1058105
1058106
1058107
1058108
1058109
1058110
1058111
1058112
1058113
1058114
1058115
1058116
1058117
1058118
1058119
1058120
1058121
1058122
1058123
1058124
1058125
1058126
1058127
1058128
1058129
1058130
1058131
1058132
1058133
1058134
1058135
1058136
828760
1058137
828761
1058138
828762
1058139
828763
1058140
828764
1058141
828765
1058142
828766
1058143
828767
1058144
828768
1058145
828769
1058146
828770
1058147
828771
1058148
828772
1058149
828773
1058150
828774
1058151
828775
1058152
828776
1058153
828777
1058154
828778
1058155
828779
1058156
1058157
1058158
1058159
1058160
1058161
1058162
1058163
1058164
1058165
1058166
1058167
1058168
1058169
1058170
1058171
1058172
1058173
1058174
1058175
1058176
1058177
1058178
1058179
1058180
1058181
1058182
1058183
1058184
1058185
1058186
1058187
1058188
1058189
1058190
1058191
1058192
1058193
1058194
1058195
1058196
1058197
1058198
1058199
1058200
1058201
1058202
1058203
1058204
1058205
1058206
1058207
1058208
1058209
1058210
1058211
1058212
1058213
1058214
1058215
1058216
1058217
1058218
1058219
1058220
1058221
1058222
1058223
1058224
1058225
1058226
1058227
1058228
1058229
1058230
1058231
1058232
1058233
1058234
1058235
1058236
1058237
1058238
1058239
1058240
1058241
1058242
1058243
1058244
1058245
1058246
1058247
1058248
1058249
1058250
1058251
1058252
1058253
1058254
1058255
1058256
1058257
1058258
1058259
1058260
894420
1058261
894421
1058262
894422
1058263
894423
1058264
894424
1058265
894425
1058266
894426
1058267
894427
1058268
894428
1058269
894429
1058270
894430
1058271
894431
1058272
894432
1058273
894433
1058274
894434
1058275
894435
1058276
894436
1058277
894437
1058278
894438
1058279
894439
1058280
1058281
1058282
1058283
1058284
1058285
1058286
1058287
1058288
1058289
1058290
1058291
1058292
1058293
1058294
1058295
1058296
1058297
1058298
1058299
1058300
1058301
1058302
1058303
1058304
1058305
1058306
1058307
1058308
1058309
1058310
1058311
1058312
1058313
1058314
1058315
1058316
1058317
1058318
1058319
1058320
1058321
1058322
1058323
1058324
1058325
1058326
1058327
1058328
1025560
1058329
1025561
1058330
1025562
1058331
1025563
1058332
1025564
1058333
1025565
1058334
1025566
1058335
1025567
1058336
1025568
1058337
1025569
1058338
1025570
1058339
1025571
1058340
1025572
1058341
1025573
1058342
1025574
1058343
1025575
1058344
1025576
1058345
1025577
1058346
1025578
1058347
1025579
1058348
1058349
1058350
1058351
1058352
1058353
1058354
1058355
1058356
1058357
1058358
1058359
1058360
1058361
1058362
1058363
1058364
1058365
1058366
1058367
1058368
1058369
1058370
1058371
1058372
1058373
1058374
1058375
1058376
1058377
1058378
1058379
1058380
1058381
1058382
1058383
1058384
1058385
1058386
1058387
1058388
1058389
1058390
1058391
1058392
1058393
1058394
1058395
1058396
1058397
1058398
1058399
1058400
1058401
1058402
1058403
1058404
1058405
1058406
1058407
1058408
1058409
1058410
1058411
1058412
1058413
1058414
1058415
1058416
1058417
1058418
1058419
1058420
1058421
1058422
1058423
1058424
1058425
1058426
1058427
1058428
1058429
1058430
1058431
1058432
1058433
1058434
1058435
1058436
1058437
1058438
1058439
1058440
1058441
1058442
1058443
1058444
1058445
1058446
1058447
1058448
1058449
1058450
1058451
1058452
1058453
1058454
1058455
1058456
1058457
1058458
1058459
1058460
1058461
1058462
1058463
1058464
1058465
1058466
1058467
1058468
1058469
1058470
1058471
1058472
1058473
1058474
1058475
1058476
1058477
1058478
1058479
1058480
1058481
1058482
1058483
1058484
1058485
1058486
1058487
1058488
1058489
1058490
1058491
1058492
1058493
1058494
1058495
1058496
1058497
1058498
1058499
1058500
1058501
1058502
1058503
1058504
1058505
1058506
1058507
1058508
1058509
1058510
1058511
1058512
1058513
1058514
1058515
1058516
1058517
1058518
1058519
1058520
1058521
1058522
1058523
1058524
1058525
1058526
1058527
1058528
1058529
1058530
1058531
1058532
1058533
1058534
1058535
1058536
1058537
1058538
1058539
1058540
1058541
1058542
1058543
1058544
1058545
1058546
1058547
1058548
1058549
1058550
1058551
1058552
1058553
1058554
1058555
1058556
1058557
1058558
1058559
1058560
1058561
1058562
1058563
1058564
1058565
1058566
1058567
1058568
1058569
1058570
1058571
1058572
1058573
1058574
1058575
1058576
1058577
1058578
1058579
1058580
1058581
1058582
1058583
1058584
468760
1058585
468761
1058586
468762
1058587
468763
1058588
468764
1058589
468765
1058590
468766
1058591
468767
1058592
468768
1058593
468769
1058594
468770
1058595
468771
1058596
468772
1058597
468773
1058598
468774
1058599
468775
1058600
468776
1058601
468777
1058602
468778
1058603
468779
1058604
1058605
1058606
1058607
1058608
1058609
1058610
1058611
1058612
1058613
1058614
1058615
1058616
1058617
1058618
1058619
1058620
1058621
1058622
1058623
1058624
1058625
1058626
1058627
1058628
1058629
1058630
1058631
1058632
1058633
1058634
1058635
1058636
1058637
1058638
1058639
1058640
1058641
1058642
1058643
1058644
1058645
1058646
1058647
1058648
1058649
1058650
1058651
1058652
1058653
1058654
1058655
1058656
1058657
1058658
1058659
1058660
1058661
1058662
1058663
1058664
1058665
1058666
1058667
1058668
1058669
1058670
1058671
1058672
1058673
1058674
1058675
1058676
1058677
1058678
1058679
1058680
1058681
1058682
1058683
1058684
1058685
1058686
1058687
1058688
1058689
1058690
1058691
1058692
1058693
1058694
1058695
1058696
1058697
1058698
1058699
1058700
1058701
1058702
1058703
1058704
1058705
1058706
1058707
1058708
534420
1058709
534421
1058710
534422
1058711
534423
1058712
534424
1058713
534425
1058714
534426
1058715
534427
1058716
534428
1058717
534429
1058718
534430
1058719
534431
1058720
534432
1058721
534433
1058722
534434
1058723
534435
1058724
534436
1058725
534437
1058726
534438
1058727
534439
1058728
1058729
1058730
1058731
1058732
1058733
1058734
1058735
1058736
1058737
1058738
1058739
1058740
1058741
1058742
1058743
1058744
1058745
1058746
1058747
1058748
1058749
1058750
1058751
1058752
1058753
1058754
1058755
1058756
1058757
1058758
1058759
1058760
1058761
1058762
1058763
1058764
1058765
1058766
1058767
1058768
1058769
1058770
1058771
1058772
1058773
1058774
1058775
1058776
665560
1058777
665561
1058778
665562
1058779
665563
1058780
665564
1058781
665565
1058782
665566
1058783
665567
1058784
665568
1058785
665569
1058786
665570
1058787
665571
1058788
665572
1058789
665573
1058790
665574
1058791
665575
1058792
665576
1058793
665577
1058794
665578
1058795
665579
1058796
1058797
1058798
1058799
1058800
1058801
1058802
1058803
1058804
1058805
1058806
1058807
1058808
1058809
1058810
1058811
1058812
1058813
1058814
1058815
1058816
1058817
1058818
1058819
1058820
1058821
1058822
1058823
1058824
1058825
1058826
1058827
1058828
1058829
1058830
1058831
1058832
1058833
1058834
1058835
1058836
1058837
1058838
1058839
1058840
1058841
1058842
1058843
1058844
1058845
1058846
1058847
1058848
1058849
1058850
1058851
1058852
1058853
1058854
1058855
1058856
1058857
1058858
1058859
1058860
1058861
1058862
1058863
1058864
1058865
1058866
1058867
1058868
1058869
1058870
1058871
1058872
1058873
1058874
1058875
1058876
1058877
1058878
1058879
1058880
1058881
1058882
1058883
1058884
1058885
1058886
1058887
1058888
1058889
1058890
1058891
1058892
1058893
1058894
1058895
1058896
1058897
1058898
1058899
1058900
731220
1058901
731221
1058902
731222
1058903
731223
1058904
731224
1058905
731225
1058906
731226
1058907
731227
1058908
731228
1058909
731229
1058910
731230
1058911
731231
1058912
731232
1058913
731233
1058914
731234
1058915
731235
1058916
731236
1058917
731237
1058918
731238
1058919
731239
1058920
1058921
1058922
1058923
1058924
1058925
1058926
1058927
1058928
1058929
1058930
1058931
1058932
1058933
1058934
1058935
1058936
1058937
1058938
1058939
1058940
1058941
1058942
1058943
1058944
1058945
1058946
1058947
1058948
1058949
1058950
1058951
1058952
1058953
1058954
1058955
1058956
1058957
1058958
1058959
1058960
1058961
1058962
1058963
1058964
1058965
1058966
1058967
1058968
862360
1058969
862361
1058970
862362
1058971
862363
1058972
862364
1058973
862365
1058974
862366
1058975
862367
1058976
862368
1058977
862369
1058978
862370
1058979
862371
1058980
862372
1058981
862373
1058982
862374
1058983
862375
1058984
862376
1058985
862377
1058986
862378
1058987
862379
1058988
1058989
1058990
1058991
1058992
1058993
1058994
1058995
1058996
1058997
1058998
1058999
1059000
1059001
1059002
1059003
1059004
1059005
1059006
1059007
1059008
1059009
1059010
1059011
1059012
1059013
1059014
1059015
1059016
1059017
1059018
1059019
1059020
1059021
1059022
1059023
1059024
1059025
1059026
1059027
1059028
1059029
1059030
1059031
1059032
1059033
1059034
1059035
1059036
1059037
1059038
1059039
1059040
1059041
1059042
1059043
1059044
1059045
1059046
1059047
1059048
1059049
1059050
1059051
1059052
1059053
1059054
1059055
1059056
1059057
1059058
1059059
1059060
1059061
1059062
1059063
1059064
1059065
1059066
1059067
1059068
1059069
1059070
1059071
1059072
1059073
1059074
1059075
1059076
1059077
1059078
1059079
1059080
1059081
1059082
1059083
1059084
1059085
1059086
1059087
1059088
1059089
1059090
1059091
1059092
928020
1059093
928021
1059094
928022
1059095
928023
1059096
928024
1059097
928025
1059098
928026
1059099
928027
1059100
928028
1059101
928029
1059102
928030
1059103
928031
1059104
928032
1059105
928033
1059106
928034
1059107
928035
1059108
928036
1059109
928037
1059110
928038
1059111
928039
1059112
1059113
1059114
1059115
1059116
1059117
1059118
1059119
1059120
1059121
1059122
1059123
1059124
1059125
1059126
1059127
1059128
1059129
1059130
1059131
1059132
1059133
1059134
1059135
1059136
1059137
1059138
1059139
1059140
1059141
1059142
1059143
1059144
1059145
1059146
1059147
1059148
1059149
1059150
1059151
1059152
1059153
1059154
1059155
1059156
1059157
1059158
1059159
502360
502361
502362
502363
502364
502365
502366
502367
502368
502369
502370
502371
502372
502373
502374
502375
502376
502377
502378
502379
568020
568021
568022
568023
568024
568025
568026
568027
568028
568029
568030
568031
568032
568033
568034
568035
568036
568037
568038
568039
699160
699161
699162
699163
699164
699165
699166
699167
699168
699169
699170
699171
699172
699173
699174
699175
699176
699177
699178
699179
764820
764821
764822
764823
764824
764825
764826
764827
764828
764829
764830
764831
764832
764833
764834
764835
764836
764837
764838
764839
895960
895961
895962
895963
895964
895965
895966
895967
895968
895969
895970
895971
895972
895973
895974
895975
895976
895977
895978
895979
961620
961621
961622
961623
961624
961625
961626
961627
961628
961629
961630
961631
961632
961633
961634
961635
961636
961637
961638
961639
404820
404821
404822
404823
404824
404825
404826
404827
404828
404829
404830
404831
404832
404833
404834
404835
404836
404837
404838
404839
535960
535961
535962
535963
535964
535965
535966
535967
535968
535969
535970
535971
535972
535973
535974
535975
535976
535977
535978
535979
601620
601621
601622
601623
601624
601625
601626
601627
601628
601629
601630
601631
601632
601633
601634
601635
601636
601637
601638
601639
732760
732761
732762
732763
732764
732765
732766
732767
732768
732769
732770
732771
732772
732773
732774
732775
732776
732777
732778
732779
798420
798421
798422
798423
798424
798425
798426
798427
798428
798429
798430
798431
798432
798433
798434
798435
798436
798437
798438
798439
929560
929561
929562
929563
929564
929565
929566
929567
929568
929569
929570
929571
929572
929573
929574
929575
929576
929577
929578
929579
995220
995221
995222
995223
995224
995225
995226
995227
995228
995229
995230
995231
995232
995233
995234
995235
995236
995237
995238
995239
438420
438421
438422
438423
438424
438425
438426
438427
438428
438429
438430
438431
438432
438433
438434
438435
438436
438437
438438
438439
569560
569561
569562
569563
569564
569565
569566
569567
569568
569569
569570
569571
569572
569573
569574
569575
569576
569577
569578
569579
635220
635221
635222
635223
635224
635225
635226
635227
635228
635229
635230
635231
635232
635233
635234
635235
635236
635237
635238
635239
766360
766361
766362
766363
766364
766365
766366
766367
766368
766369
766370
766371
766372
766373
766374
766375
766376
766377
766378
766379
832020
832021
832022
832023
832024
832025
832026
832027
832028
832029
832030
832031
832032
832033
832034
832035
832036
832037
832038
832039
963160
963161
963162
963163
963164
963165
963166
963167
963168
963169
963170
963171
963172
963173
963174
963175
963176
963177
963178
963179
1028820
1028821
1028822
1028823
1028824
1028825
1028826
1028827
1028828
1028829
1028830
1028831
1028832
1028833
1028834
1028835
1028836
1028837
1028838
1028839
406360
406361
406362
406363
406364
406365
406366
406367
406368
406369
406370
406371
406372
406373
406374
406375
406376
406377
406378
406379
472020
472021
472022
472023
472024
472025
472026
472027
472028
472029
472030
472031
472032
472033
472034
472035
472036
472037
472038
472039
603160
603161
603162
603163
603164
603165
603166
603167
603168
603169
603170
603171
603172
603173
603174
603175
603176
603177
603178
603179
668820
668821
668822
668823
668824
668825
668826
668827
668828
668829
668830
668831
668832
668833
668834
668835
668836
668837
668838
668839
799960
799961
799962
799963
799964
799965
799966
799967
799968
799969
799970
799971
799972
799973
799974
799975
799976
799977
799978
799979
865620
865621
865622
865623
865624
865625
865626
865627
865628
865629
865630
865631
865632
865633
865634
865635
865636
865637
865638
865639
996760
996761
996762
996763
996764
996765
996766
996767
996768
996769
996770
996771
996772
996773
996774
996775
996776
996777
996778
996779
439960
439961
439962
439963
439964
439965
439966
439967
439968
439969
439970
439971
439972
439973
439974
439975
439976
439977
439978
439979
505620
505621
505622
505623
505624
505625
505626
505627
505628
505629
505630
505631
505632
505633
505634
505635
505636
505637
505638
505639
636760
636761
636762
636763
636764
636765
636766
636767
636768
636769
636770
636771
636772
636773
636774
636775
636776
636777
636778
636779
702420
702421
702422
702423
702424
702425
702426
702427
702428
702429
702430
702431
702432
702433
702434
702435
702436
702437
702438
702439
833560
833561
833562
833563
833564
833565
833566
833567
833568
833569
833570
833571
833572
833573
833574
833575
833576
833577
833578
833579
899220
899221
899222
899223
899224
899225
899226
899227
899228
899229
899230
899231
899232
899233
899234
899235
899236
899237
899238
899239
1030360
1030361
1030362
1030363
1030364
1030365
1030366
1030367
1030368
1030369
1030370
1030371
1030372
1030373
1030374
1030375
1030376
1030377
1030378
1030379
473560
473561
473562
473563
473564
473565
473566
473567
473568
473569
473570
473571
473572
473573
473574
473575
473576
473577
473578
473579
539220
539221
539222
539223
539224
539225
539226
539227
539228
539229
539230
539231
539232
539233
539234
539235
539236
539237
539238
539239
670360
670361
670362
670363
670364
670365
670366
670367
670368
670369
670370
670371
670372
670373
670374
670375
670376
670377
670378
670379
736020
736021
736022
736023
736024
736025
736026
736027
736028
736029
736030
736031
736032
736033
736034
736035
736036
736037
736038
736039
867160
867161
867162
867163
867164
867165
867166
867167
867168
867169
867170
867171
867172
867173
867174
867175
867176
867177
867178
867179
932820
932821
932822
932823
932824
932825
932826
932827
932828
932829
932830
932831
932832
932833
932834
932835
932836
932837
932838
932839
507160
507161
507162
507163
507164
507165
507166
507167
507168
507169
507170
507171
507172
507173
507174
507175
507176
507177
507178
507179
572820
572821
572822
572823
572824
572825
572826
572827
572828
572829
572830
572831
572832
572833
572834
572835
572836
572837
572838
572839
703960
703961
703962
703963
703964
703965
703966
703967
703968
703969
703970
703971
703972
703973
703974
703975
703976
703977
703978
703979
769620
769621
769622
769623
769624
769625
769626
769627
769628
769629
769630
769631
769632
769633
769634
769635
769636
769637
769638
769639
900760
900761
900762
900763
900764
900765
900766
900767
900768
900769
900770
900771
900772
900773
900774
900775
900776
900777
900778
900779
966420
966421
966422
966423
966424
966425
966426
966427
966428
966429
966430
966431
966432
966433
966434
966435
966436
966437
966438
966439
409620
409621
409622
409623
409624
409625
409626
409627
409628
409629
409630
409631
409632
409633
409634
409635
409636
409637
409638
409639
540760
540761
540762
540763
540764
540765
540766
540767
540768
540769
540770
540771
540772
540773
540774
540775
540776
540777
540778
540779
606420
606421
606422
606423
606424
606425
606426
606427
606428
606429
606430
606431
606432
606433
606434
606435
606436
606437
606438
606439
737560
737561
737562
737563
737564
737565
737566
737567
737568
737569
737570
737571
737572
737573
737574
737575
737576
737577
737578
737579
803220
803221
803222
803223
803224
803225
803226
803227
803228
803229
803230
803231
803232
803233
803234
803235
803236
803237
803238
803239
934360
934361
934362
934363
934364
934365
934366
934367
934368
934369
934370
934371
934372
934373
934374
934375
934376
934377
934378
934379
1000020
1000021
1000022
1000023
1000024
1000025
1000026
1000027
1000028
1000029
1000030
1000031
1000032
1000033
1000034
1000035
1000036
1000037
1000038
1000039
443220
443221
443222
443223
443224
443225
443226
443227
443228
443229
443230
443231
443232
443233
443234
443235
443236
443237
443238
443239
574360
574361
574362
574363
574364
574365
574366
574367
574368
574369
574370
574371
574372
574373
574374
574375
574376
574377
574378
574379
640020
640021
640022
640023
640024
640025
640026
640027
640028
640029
640030
640031
640032
640033
640034
640035
640036
640037
640038
640039
771160
771161
771162
771163
771164
771165
771166
771167
771168
771169
771170
771171
771172
771173
771174
771175
771176
771177
771178
771179
836820
836821
836822
836823
836824
836825
836826
836827
836828
836829
836830
836831
836832
836833
836834
836835
836836
836837
836838
836839
967960
967961
967962
967963
967964
967965
967966
967967
967968
967969
967970
967971
967972
967973
967974
967975
967976
967977
967978
967979
1033620
1033621
1033622
1033623
1033624
1033625
1033626
1033627
1033628
1033629
1033630
1033631
1033632
1033633
1033634
1033635
1033636
1033637
1033638
1033639
411160
411161
411162
411163
411164
411165
411166
411167
411168
411169
411170
411171
411172
411173
411174
411175
411176
411177
411178
411179
476820
476821
476822
476823
476824
476825
476826
476827
476828
476829
476830
476831
476832
476833
476834
476835
476836
476837
476838
476839
607960
607961
607962
607963
607964
607965
607966
607967
607968
607969
607970
607971
607972
607973
607974
607975
607976
607977
607978
607979
673620
673621
673622
673623
673624
673625
673626
673627
673628
673629
673630
673631
673632
673633
673634
673635
673636
673637
673638
673639
804760
804761
804762
804763
804764
804765
804766
804767
804768
804769
804770
804771
804772
804773
804774
804775
804776
804777
804778
804779
870420
870421
870422
870423
870424
870425
870426
870427
870428
870429
870430
870431
870432
870433
870434
870435
870436
870437
870438
870439
1001560
1001561
1001562
1001563
1001564
1001565
1001566
1001567
1001568
1001569
1001570
1001571
1001572
1001573
1001574
1001575
1001576
1001577
1001578
1001579
444760
444761
444762
444763
444764
444765
444766
444767
444768
444769
444770
444771
444772
444773
444774
444775
444776
444777
444778
444779
510420
510421
510422
510423
510424
510425
510426
510427
510428
510429
510430
510431
510432
510433
510434
510435
510436
510437
510438
510439
641560
641561
641562
641563
641564
641565
641566
641567
641568
641569
641570
641571
641572
641573
641574
641575
641576
641577
641578
641579
707220
707221
707222
707223
707224
707225
707226
707227
707228
707229
707230
707231
707232
707233
707234
707235
707236
707237
707238
707239
838360
838361
838362
838363
838364
838365
838366
838367
838368
838369
838370
838371
838372
838373
838374
838375
838376
838377
838378
838379
904020
904021
904022
904023
904024
904025
904026
904027
904028
904029
904030
904031
904032
904033
904034
904035
904036
904037
904038
904039
1035160
1035161
1035162
1035163
1035164
1035165
1035166
1035167
1035168
1035169
1035170
1035171
1035172
1035173
1035174
1035175
1035176
1035177
1035178
1035179
478360
478361
478362
478363
478364
478365
478366
478367
478368
478369
478370
478371
478372
478373
478374
478375
478376
478377
478378
478379
544020
544021
544022
544023
544024
544025
544026
544027
544028
544029
544030
544031
544032
544033
544034
544035
544036
544037
544038
544039
675160
675161
675162
675163
675164
675165
675166
675167
675168
675169
675170
675171
675172
675173
675174
675175
675176
675177
675178
675179
740820
740821
740822
740823
740824
740825
740826
740827
740828
740829
740830
740831
740832
740833
740834
740835
740836
740837
740838
740839
871960
871961
871962
871963
871964
871965
871966
871967
871968
871969
871970
871971
871972
871973
871974
871975
871976
871977
871978
871979
937620
937621
937622
937623
937624
937625
937626
937627
937628
937629
937630
937631
937632
937633
937634
937635
937636
937637
937638
937639
380840
380841
380842
380843
380844
380845
380846
380847
380848
380849
380850
380851
380852
380853
380854
380855
380856
380857
380858
380859
380860
380861
380862
380863
380864
380865
380866
380867
380868
380869
380870
380871
380872
380873
380874
380875
380876
380877
380878
380879
380880
380881
380882
380883
380884
380885
380886
380887
511960
380888
511961
380889
511962
380890
511963
380891
511964
380892
511965
380893
511966
380894
511967
380895
511968
380896
511969
380897
511970
380898
511971
380899
511972
380900
511973
380901
511974
380902
511975
380903
511976
380904
511977
380905
511978
380906
511979
380907
380908
380909
380910
380911
380912
380913
380914
380915
380916
380917
380918
380919
380920
380921
380922
380923
380924
380925
380926
380927
380928
380929
380930
380931
380932
380933
380934
380935
380936
380937
380938
380939
380940
380941
380942
380943
380944
380945
380946
380947
380948
380949
380950
380951
380952
380953
380954
380955
380956
380957
380958
380959
380960
380961
380962
380963
380964
380965
380966
380967
380968
380969
380970
380971
380972
380973
380974
380975
380976
380977
380978
380979
380980
380981
380982
380983
380984
380985
380986
380987
380988
380989
380990
380991
380992
380993
380994
380995
380996
380997
380998
380999
381000
381001
381002
381003
381004
381005
381006
381007
381008
381009
381010
381011
577620
381012
577621
381013
577622
381014
577623
381015
577624
381016
577625
381017
577626
381018
577627
381019
577628
381020
577629
381021
577630
381022
577631
381023
577632
381024
577633
381025
577634
381026
577635
381027
577636
381028
577637
381029
577638
381030
577639
381031
381032
381033
381034
381035
381036
381037
381038
381039
381040
381041
381042
381043
381044
381045
381046
381047
381048
381049
381050
381051
381052
381053
381054
381055
381056
381057
381058
381059
381060
381061
381062
381063
381064
381065
381066
381067
381068
381069
381070
381071
381072
381073
381074
381075
381076
381077
381078
381079
708760
381080
708761
381081
708762
381082
708763
381083
708764
381084
708765
381085
708766
381086
708767
381087
708768
381088
708769
381089
708770
381090
708771
381091
708772
381092
708773
381093
708774
381094
708775
381095
708776
381096
708777
381097
708778
381098
708779
381099
381100
381101
381102
381103
381104
381105
381106
381107
381108
381109
381110
381111
381112
381113
381114
381115
381116
381117
381118
381119
381120
381121
381122
381123
381124
381125
381126
381127
381128
381129
381130
381131
381132
381133
381134
381135
381136
381137
381138
381139
381140
381141
381142
381143
381144
381145
381146
381147
381148
381149
381150
381151
381152
381153
381154
381155
381156
381157
381158
381159
381160
381161
381162
381163
381164
381165
381166
381167
381168
381169
381170
381171
381172
381173
381174
381175
381176
381177
381178
381179
381180
381181
381182
381183
381184
381185
381186
381187
381188
381189
381190
381191
381192
381193
381194
381195
381196
381197
381198
381199
381200
381201
381202
381203
774420
381204
774421
381205
774422
381206
774423
381207
774424
381208
774425
381209
774426
381210
774427
381211
774428
381212
774429
381213
774430
381214
774431
381215
774432
381216
774433
381217
774434
381218
774435
381219
774436
381220
774437
381221
774438
381222
774439
381223
381224
381225
381226
381227
381228
381229
381230
381231
381232
381233
381234
381235
381236
381237
381238
381239
381240
381241
381242
381243
381244
381245
381246
381247
381248
381249
381250
381251
381252
381253
381254
381255
381256
381257
381258
381259
381260
381261
381262
381263
381264
381265
381266
381267
381268
381269
381270
381271
905560
381272
905561
381273
905562
381274
905563
381275
905564
381276
905565
381277
905566
381278
905567
381279
905568
381280
905569
381281
905570
381282
905571
381283
905572
381284
905573
381285
905574
381286
905575
381287
905576
381288
905577
381289
905578
381290
905579
381291
381292
381293
381294
381295
381296
381297
381298
381299
381300
381301
381302
381303
381304
381305
381306
381307
381308
381309
381310
381311
381312
381313
381314
381315
381316
381317
381318
381319
381320
381321
381322
381323
381324
381325
381326
381327
381328
381329
381330
381331
381332
381333
381334
381335
381336
381337
381338
381339
381340
381341
381342
381343
381344
381345
381346
381347
381348
381349
381350
381351
381352
381353
381354
381355
381356
381357
381358
381359
381360
381361
381362
381363
381364
381365
381366
381367
381368
381369
381370
381371
381372
381373
381374
381375
381376
381377
381378
381379
381380
381381
381382
381383
381384
381385
381386
381387
381388
381389
381390
381391
381392
381393
381394
381395
971220
381396
971221
381397
971222
381398
971223
381399
971224
381400
971225
381401
971226
381402
971227
381403
971228
381404
971229
381405
971230
381406
971231
381407
971232
381408
971233
381409
971234
381410
971235
381411
971236
381412
971237
381413
971238
381414
971239
381415
381416
381417
381418
381419
381420
381421
381422
381423
381424
381425
381426
381427
381428
381429
381430
381431
381432
381433
381434
381435
381436
381437
381438
381439
381440
381441
381442
381443
381444
381445
381446
381447
381448
381449
381450
381451
381452
381453
381454
381455
381456
381457
381458
381459
381460
381461
381462
381463
381464
381465
381466
381467
381468
381469
381470
381471
381472
381473
381474
381475
381476
381477
381478
381479
381480
381481
381482
381483
381484
381485
381486
381487
381488
381489
381490
381491
381492
381493
381494
381495
381496
381497
381498
381499
381500
381501
381502
381503
381504
381505
381506
381507
381508
381509
381510
381511
381512
381513
381514
381515
381516
381517
381518
381519
381520
381521
381522
381523
381524
381525
381526
381527
381528
381529
381530
381531
381532
381533
381534
381535
381536
381537
381538
381539
381540
381541
381542
381543
381544
381545
381546
381547
381548
381549
381550
381551
381552
381553
381554
381555
381556
381557
381558
381559
381560
381561
381562
381563
381564
381565
381566
381567
381568
381569
381570
381571
381572
381573
381574
381575
381576
381577
381578
381579
381580
381581
381582
381583
381584
381585
381586
381587
381588
381589
381590
381591
381592
381593
381594
381595
381596
381597
381598
381599
381600
381601
381602
381603
381604
381605
381606
381607
381608
381609
381610
381611
381612
381613
381614
381615
381616
381617
381618
381619
381620
381621
381622
381623
381624
381625
381626
381627
381628
381629
381630
381631
381632
381633
381634
381635
381636
381637
381638
381639
381640
381641
381642
381643
381644
381645
381646
381647
381648
381649
381650
381651
414420
381652
414421
381653
414422
381654
414423
381655
414424
381656
414425
381657
414426
381658
414427
381659
414428
381660
414429
381661
414430
381662
414431
381663
414432
381664
414433
381665
414434
381666
414435
381667
414436
381668
414437
381669
414438
381670
414439
381671
381672
381673
381674
381675
381676
381677
381678
381679
381680
381681
381682
381683
381684
381685
381686
381687
381688
381689
381690
381691
381692
381693
381694
381695
381696
381697
381698
381699
381700
381701
381702
381703
381704
381705
381706
381707
381708
381709
381710
381711
381712
381713
381714
381715
381716
381717
381718
381719
545560
381720
545561
381721
545562
381722
545563
381723
545564
381724
545565
381725
545566
381726
545567
381727
545568
381728
545569
381729
545570
381730
545571
381731
545572
381732
545573
381733
545574
381734
545575
381735
545576
381736
545577
381737
545578
381738
545579
381739
381740
381741
381742
381743
381744
381745
381746
381747
381748
381749
381750
381751
381752
381753
381754
381755
381756
381757
381758
381759
381760
381761
381762
381763
381764
381765
381766
381767
381768
381769
381770
381771
381772
381773
381774
381775
381776
381777
381778
381779
381780
381781
381782
381783
381784
381785
381786
381787
381788
381789
381790
381791
381792
381793
381794
381795
381796
381797
381798
381799
381800
381801
381802
381803
381804
381805
381806
381807
381808
381809
381810
381811
381812
381813
381814
381815
381816
381817
381818
381819
381820
381821
381822
381823
381824
381825
381826
381827
381828
381829
381830
381831
381832
381833
381834
381835
381836
381837
381838
381839
381840
381841
381842
381843
611220
381844
611221
381845
611222
381846
611223
381847
611224
381848
611225
381849
611226
381850
611227
381851
611228
381852
611229
381853
611230
381854
611231
381855
611232
381856
611233
381857
611234
381858
611235
381859
611236
381860
611237
381861
611238
381862
611239
381863
381864
381865
381866
381867
381868
381869
381870
381871
381872
381873
381874
381875
381876
381877
381878
381879
381880
381881
381882
381883
381884
381885
381886
381887
381888
381889
381890
381891
381892
381893
381894
381895
381896
381897
381898
381899
381900
381901
381902
381903
381904
381905
381906
381907
381908
381909
381910
381911
742360
381912
742361
381913
742362
381914
742363
381915
742364
381916
742365
381917
742366
381918
742367
381919
742368
381920
742369
381921
742370
381922
742371
381923
742372
381924
742373
381925
742374
381926
742375
381927
742376
381928
742377
381929
742378
381930
742379
381931
381932
381933
381934
381935
381936
381937
381938
381939
381940
381941
381942
381943
381944
381945
381946
381947
381948
381949
381950
381951
381952
381953
381954
381955
381956
381957
381958
381959
381960
381961
381962
381963
381964
381965
381966
381967
381968
381969
381970
381971
381972
381973
381974
381975
381976
381977
381978
381979
381980
381981
381982
381983
381984
381985
381986
381987
381988
381989
381990
381991
381992
381993
381994
381995
381996
381997
381998
381999
382000
382001
382002
382003
382004
382005
382006
382007
382008
382009
382010
382011
382012
382013
382014
382015
382016
382017
382018
382019
382020
382021
382022
382023
382024
382025
382026
382027
382028
382029
382030
382031
382032
382033
382034
382035
808020
382036
808021
382037
808022
382038
808023
382039
808024
382040
808025
382041
808026
382042
808027
382043
808028
382044
808029
382045
808030
382046
808031
382047
808032
382048
808033
382049
808034
382050
808035
382051
808036
382052
808037
382053
808038
382054
808039
382055
382056
382057
382058
382059
382060
382061
382062
382063
382064
382065
382066
382067
382068
382069
382070
382071
382072
382073
382074
382075
382076
382077
382078
382079
382080
382081
382082
382083
382084
382085
382086
382087
382088
382089
382090
382091
382092
382093
382094
382095
382096
382097
382098
382099
382100
382101
382102
382103
939160
382104
939161
382105
939162
382106
939163
382107
939164
382108
939165
382109
939166
382110
939167
382111
939168
382112
939169
382113
939170
382114
939171
382115
939172
382116
939173
382117
939174
382118
939175
382119
939176
382120
939177
382121
939178
382122
939179
382123
382124
382125
382126
382127
382128
382129
382130
382131
382132
382133
382134
382135
382136
382137
382138
382139
382140
382141
382142
382143
382144
382145
382146
382147
382148
382149
382150
382151
382152
382153
382154
382155
382156
382157
382158
382159
382160
382161
382162
382163
382164
382165
382166
382167
382168
382169
382170
382171
382172
382173
382174
382175
382176
382177
382178
382179
382180
382181
382182
382183
382184
382185
382186
382187
382188
382189
382190
382191
382192
382193
382194
382195
382196
382197
382198
382199
382200
382201
382202
382203
382204
382205
382206
382207
382208
382209
382210
382211
382212
382213
382214
382215
382216
382217
382218
382219
382220
382221
382222
382223
382224
382225
382226
382227
1004820
382228
1004821
382229
1004822
382230
1004823
382231
1004824
382232
1004825
382233
1004826
382234
1004827
382235
1004828
382236
1004829
382237
1004830
382238
1004831
382239
1004832
382240
1004833
382241
1004834
382242
1004835
382243
1004836
382244
1004837
382245
1004838
382246
1004839
382247
382248
382249
382250
382251
382252
382253
382254
382255
382256
382257
382258
382259
382260
382261
382262
382263
382264
382265
382266
382267
382268
382269
382270
382271
382272
382273
382274
382275
382276
382277
382278
382279
382280
382281
382282
382283
382284
382285
382286
382287
382288
382289
382290
382291
382292
382293
382294
382295
382296
382297
382298
382299
382300
382301
382302
382303
382304
382305
382306
382307
382308
382309
382310
382311
382312
382313
382314
382315
382316
382317
382318
382319
382320
382321
382322
382323
382324
382325
382326
382327
382328
382329
382330
382331
382332
382333
382334
382335
382336
382337
382338
382339
382340
382341
382342
382343
382344
382345
382346
382347
382348
382349
382350
382351
382352
382353
382354
382355
382356
382357
382358
382359
448020
448021
448022
448023
448024
448025
448026
448027
448028
448029
448030
448031
448032
448033
448034
448035
448036
448037
448038
448039
579160
579161
579162
579163
579164
579165
579166
579167
579168
579169
579170
579171
579172
579173
579174
579175
579176
579177
579178
579179
644820
644821
644822
644823
644824
644825
644826
644827
644828
644829
644830
644831
644832
644833
644834
644835
644836
644837
644838
644839
775960
775961
775962
775963
775964
775965
775966
775967
775968
775969
775970
775971
775972
775973
775974
775975
775976
775977
775978
775979
841620
841621
841622
841623
841624
841625
841626
841627
841628
841629
841630
841631
841632
841633
841634
841635
841636
841637
841638
841639
972760
972761
972762
972763
972764
972765
972766
972767
972768
972769
972770
972771
972772
972773
972774
972775
972776
972777
972778
972779
1038420
1038421
1038422
1038423
1038424
1038425
1038426
1038427
1038428
1038429
1038430
1038431
1038432
1038433
1038434
1038435
1038436
1038437
1038438
1038439
415960
415961
415962
415963
415964
415965
415966
415967
415968
415969
415970
415971
415972
415973
415974
415975
415976
415977
415978
415979
481620
481621
481622
481623
481624
481625
481626
481627
481628
481629
481630
481631
481632
481633
481634
481635
481636
481637
481638
481639
612760
612761
612762
612763
612764
612765
612766
612767
612768
612769
612770
612771
612772
612773
612774
612775
612776
612777
612778
612779
678420
678421
678422
678423
678424
678425
678426
678427
678428
678429
678430
678431
678432
678433
678434
678435
678436
678437
678438
678439
809560
809561
809562
809563
809564
809565
809566
809567
809568
809569
809570
809571
809572
809573
809574
809575
809576
809577
809578
809579
875220
875221
875222
875223
875224
875225
875226
875227
875228
875229
875230
875231
875232
875233
875234
875235
875236
875237
875238
875239
1006360
1006361
1006362
1006363
1006364
1006365
1006366
1006367
1006368
1006369
1006370
1006371
1006372
1006373
1006374
1006375
1006376
1006377
1006378
1006379
449560
449561
449562
449563
449564
449565
449566
449567
449568
449569
449570
449571
449572
449573
449574
449575
449576
449577
449578
449579
515220
515221
515222
515223
515224
515225
515226
515227
515228
515229
515230
515231
515232
515233
515234
515235
515236
515237
515238
515239
646360
646361
646362
646363
646364
646365
646366
646367
646368
646369
646370
646371
646372
646373
646374
646375
646376
646377
646378
646379
712020
712021
712022
712023
712024
712025
712026
712027
712028
712029
712030
712031
712032
712033
712034
712035
712036
712037
712038
712039
843160
843161
843162
843163
843164
843165
843166
843167
843168
843169
843170
843171
843172
843173
843174
843175
843176
843177
843178
843179
908820
908821
908822
908823
908824
908825
908826
908827
908828
908829
908830
908831
908832
908833
908834
908835
908836
908837
908838
908839
1039960
1039961
1039962
1039963
1039964
1039965
1039966
1039967
1039968
1039969
1039970
1039971
1039972
1039973
1039974
1039975
1039976
1039977
1039978
1039979
483160
483161
483162
483163
483164
483165
483166
483167
483168
483169
483170
483171
483172
483173
483174
483175
483176
483177
483178
483179
548820
548821
548822
548823
548824
548825
548826
548827
548828
548829
548830
548831
548832
548833
548834
548835
548836
548837
548838
548839
679960
679961
679962
679963
679964
679965
679966
679967
679968
679969
679970
679971
679972
679973
679974
679975
679976
679977
679978
679979
745620
745621
745622
745623
745624
745625
745626
745627
745628
745629
745630
745631
745632
745633
745634
745635
745636
745637
745638
745639
876760
876761
876762
876763
876764
876765
876766
876767
876768
876769
876770
876771
876772
876773
876774
876775
876776
876777
876778
876779
942420
942421
942422
942423
942424
942425
942426
942427
942428
942429
942430
942431
942432
942433
942434
942435
942436
942437
942438
942439
385620
385621
385622
385623
385624
385625
385626
385627
385628
385629
385630
385631
385632
385633
385634
385635
385636
385637
385638
385639
516760
516761
516762
516763
516764
516765
516766
516767
516768
516769
516770
516771
516772
516773
516774
516775
516776
516777
516778
516779
582420
582421
582422
582423
582424
582425
582426
582427
582428
582429
582430
582431
582432
582433
582434
582435
582436
582437
582438
582439
713560
713561
713562
713563
713564
713565
713566
713567
713568
713569
713570
713571
713572
713573
713574
713575
713576
713577
713578
713579
779220
779221
779222
779223
779224
779225
779226
779227
779228
779229
779230
779231
779232
779233
779234
779235
779236
779237
779238
779239
910360
910361
910362
910363
910364
910365
910366
910367
910368
910369
910370
910371
910372
910373
910374
910375
910376
910377
910378
910379
976020
976021
976022
976023
976024
976025
976026
976027
976028
976029
976030
976031
976032
976033
976034
976035
976036
976037
976038
976039
419220
419221
419222
419223
419224
419225
419226
419227
419228
419229
419230
419231
419232
419233
419234
419235
419236
419237
419238
419239
550360
550361
550362
550363
550364
550365
550366
550367
550368
550369
550370
550371
550372
550373
550374
550375
550376
550377
550378
550379
616020
616021
616022
616023
616024
616025
616026
616027
616028
616029
616030
616031
616032
616033
616034
616035
616036
616037
616038
616039
747160
747161
747162
747163
747164
747165
747166
747167
747168
747169
747170
747171
747172
747173
747174
747175
747176
747177
747178
747179
812820
812821
812822
812823
812824
812825
812826
812827
812828
812829
812830
812831
812832
812833
812834
812835
812836
812837
812838
812839
943960
943961
943962
943963
943964
943965
943966
943967
943968
943969
943970
943971
943972
943973
943974
943975
943976
943977
943978
943979
1009620
1009621
1009622
1009623
1009624
1009625
1009626
1009627
1009628
1009629
1009630
1009631
1009632
1009633
1009634
1009635
1009636
1009637
1009638
1009639
387160
387161
387162
387163
387164
387165
387166
387167
387168
387169
387170
387171
387172
387173
387174
387175
387176
387177
387178
387179
452820
452821
452822
452823
452824
452825
452826
452827
452828
452829
452830
452831
452832
452833
452834
452835
452836
452837
452838
452839
583960
583961
583962
583963
583964
583965
583966
583967
583968
583969
583970
583971
583972
583973
583974
583975
583976
583977
583978
583979
649620
649621
649622
649623
649624
649625
649626
649627
649628
649629
649630
649631
649632
649633
649634
649635
649636
649637
649638
649639
780760
780761
780762
780763
780764
780765
780766
780767
780768
780769
780770
780771
780772
780773
780774
780775
780776
780777
780778
780779
846420
846421
846422
846423
846424
846425
846426
846427
846428
846429
846430
846431
846432
846433
846434
846435
846436
846437
846438
846439
977560
977561
977562
977563
977564
977565
977566
977567
977568
977569
977570
977571
977572
977573
977574
977575
977576
977577
977578
977579
1043220
1043221
1043222
1043223
1043224
1043225
1043226
1043227
1043228
1043229
1043230
1043231
1043232
1043233
1043234
1043235
1043236
1043237
1043238
1043239
420760
420761
420762
420763
420764
420765
420766
420767
420768
420769
420770
420771
420772
420773
420774
420775
420776
420777
420778
420779
486420
486421
486422
486423
486424
486425
486426
486427
486428
486429
486430
486431
486432
486433
486434
486435
486436
486437
486438
486439
617560
617561
617562
617563
617564
617565
617566
617567
617568
617569
617570
617571
617572
617573
617574
617575
617576
617577
617578
617579
683220
683221
683222
683223
683224
683225
683226
683227
683228
683229
683230
683231
683232
683233
683234
683235
683236
683237
683238
683239
814360
814361
814362
814363
814364
814365
814366
814367
814368
814369
814370
814371
814372
814373
814374
814375
814376
814377
814378
814379
880020
880021
880022
880023
880024
880025
880026
880027
880028
880029
880030
880031
880032
880033
880034
880035
880036
880037
880038
880039
1011160
1011161
1011162
1011163
1011164
1011165
1011166
1011167
1011168
1011169
1011170
1011171
1011172
1011173
1011174
1011175
1011176
1011177
1011178
1011179
454360
454361
454362
454363
454364
454365
454366
454367
454368
454369
454370
454371
454372
454373
454374
454375
454376
454377
454378
454379
520020
520021
520022
520023
520024
520025
520026
520027
520028
520029
520030
520031
520032
520033
520034
520035
520036
520037
520038
520039
651160
651161
651162
651163
651164
651165
651166
651167
651168
651169
651170
651171
651172
651173
651174
651175
651176
651177
651178
651179
716820
716821
716822
716823
716824
716825
716826
716827
716828
716829
716830
716831
716832
716833
716834
716835
716836
716837
716838
716839
847960
847961
847962
847963
847964
847965
847966
847967
847968
847969
847970
847971
847972
847973
847974
847975
847976
847977
847978
847979
913620
913621
913622
913623
913624
913625
913626
913627
913628
913629
913630
913631
913632
913633
913634
913635
913636
913637
913638
913639
1044760
1044761
1044762
1044763
1044764
1044765
1044766
1044767
1044768
1044769
1044770
1044771
1044772
1044773
1044774
1044775
1044776
1044777
1044778
1044779
487960
487961
487962
487963
487964
487965
487966
487967
487968
487969
487970
487971
487972
487973
487974
487975
487976
487977
487978
487979
553620
553621
553622
553623
553624
553625
553626
553627
553628
553629
553630
553631
553632
553633
553634
553635
553636
553637
553638
553639
684760
684761
684762
684763
684764
684765
684766
684767
684768
684769
684770
684771
684772
684773
684774
684775
684776
684777
684778
684779
750420
750421
750422
750423
750424
750425
750426
750427
750428
750429
750430
750431
750432
750433
750434
750435
750436
750437
750438
750439
881560
881561
881562
881563
881564
881565
881566
881567
881568
881569
881570
881571
881572
881573
881574
881575
881576
881577
881578
881579
947220
947221
947222
947223
947224
947225
947226
947227
947228
947229
947230
947231
947232
947233
947234
947235
947236
947237
947238
947239
390420
390421
390422
390423
390424
390425
390426
390427
390428
390429
390430
390431
390432
390433
390434
390435
390436
390437
390438
390439
521560
521561
521562
521563
521564
521565
521566
521567
521568
521569
521570
521571
521572
521573
521574
521575
521576
521577
521578
521579
587220
587221
587222
587223
587224
587225
587226
587227
587228
587229
587230
587231
587232
587233
587234
587235
587236
587237
587238
587239
718360
718361
718362
718363
718364
718365
718366
718367
718368
718369
718370
718371
718372
718373
718374
718375
718376
718377
718378
718379
784020
784021
784022
784023
784024
784025
784026
784027
784028
784029
784030
784031
784032
784033
784034
784035
784036
784037
784038
784039
915160
915161
915162
915163
915164
915165
915166
915167
915168
915169
915170
915171
915172
915173
915174
915175
915176
915177
915178
915179
980820
980821
980822
980823
980824
980825
980826
980827
980828
980829
980830
980831
980832
980833
980834
980835
980836
980837
980838
980839
424020
424021
424022
424023
424024
424025
424026
424027
424028
424029
424030
424031
424032
424033
424034
424035
424036
424037
424038
424039
555160
555161
555162
555163
555164
555165
555166
555167
555168
555169
555170
555171
555172
555173
555174
555175
555176
555177
555178
555179
620820
620821
620822
620823
620824
620825
620826
620827
620828
620829
620830
620831
620832
620833
620834
620835
620836
620837
620838
620839
751960
751961
751962
751963
751964
751965
751966
751967
751968
751969
751970
751971
751972
751973
751974
751975
751976
751977
751978
751979
817620
817621
817622
817623
817624
817625
817626
817627
817628
817629
817630
817631
817632
817633
817634
817635
817636
817637
817638
817639
948760
948761
948762
948763
948764
948765
948766
948767
948768
948769
948770
948771
948772
948773
948774
948775
948776
948777
948778
948779
1014420
1014421
1014422
1014423
1014424
1014425
1014426
1014427
1014428
1014429
1014430
1014431
1014432
1014433
1014434
1014435
1014436
1014437
1014438
1014439
391960
391961
391962
391963
391964
391965
391966
391967
391968
391969
391970
391971
391972
391973
391974
391975
391976
391977
391978
391979
457620
457621
457622
457623
457624
457625
457626
457627
457628
457629
457630
457631
457632
457633
457634
457635
457636
457637
457638
457639
588760
588761
588762
588763
588764
588765
588766
588767
588768
588769
588770
588771
588772
588773
588774
588775
588776
588777
588778
588779
654420
654421
654422
654423
654424
654425
654426
654427
654428
654429
654430
654431
654432
654433
654434
654435
654436
654437
654438
654439
785560
785561
785562
785563
785564
785565
785566
785567
785568
785569
785570
785571
785572
785573
785574
785575
785576
785577
785578
785579
851220
851221
851222
851223
851224
851225
851226
851227
851228
851229
851230
851231
851232
851233
851234
851235
851236
851237
851238
851239
982360
982361
982362
982363
982364
982365
982366
982367
982368
982369
982370
982371
982372
982373
982374
982375
982376
982377
982378
982379
1048020
1048021
1048022
1048023
1048024
1048025
1048026
1048027
1048028
1048029
1048030
1048031
1048032
1048033
1048034
1048035
1048036
1048037
1048038
1048039
425560
425561
425562
425563
425564
425565
425566
425567
425568
425569
425570
425571
425572
425573
425574
425575
425576
425577
425578
425579
491220
491221
491222
491223
491224
491225
491226
491227
491228
491229
491230
491231
491232
491233
491234
491235
491236
491237
491238
491239
622360
622361
622362
622363
622364
622365
622366
622367
622368
622369
622370
622371
622372
622373
622374
622375
622376
622377
622378
622379
688020
688021
688022
688023
688024
688025
688026
688027
688028
688029
688030
688031
688032
688033
688034
688035
688036
688037
688038
688039
819160
819161
819162
819163
819164
819165
819166
819167
819168
819169
819170
819171
819172
819173
819174
819175
819176
819177
819178
819179
)


// ************************************************************************* //
