/*--------------------------------*- C++ -*----------------------------------*\
| =========                 |                                                 |
| \\      /  F ield         | OpenFOAM: The Open Source CFD Toolbox           |
|  \\    /   O peration     | Version:  2406                                  |
|   \\  /    A nd           | Website:  www.openfoam.com                      |
|    \\/     M anipulation  |                                                 |
\*---------------------------------------------------------------------------*/
FoamFile
{
    version     2.0;
    format      ascii;
    arch        "LSB;label=32;scalar=64";
    class       faceSet;
    location    "constant/polyMesh/sets";
    object      lowVolRatioFaces;
}
// * * * * * * * * * * * * * * * * * * * * * * * * * * * * * * * * * * * * * //


6080
(
1121900
1121901
1121902
1121903
1121906
1121907
1121908
1121909
1121912
1121913
1121914
1121915
1121918
1121919
1121920
1121921
1121924
1121925
1121926
1121927
1121930
1121931
1121932
1121933
1121936
1121937
1121938
1121939
1121942
1121943
1121944
1121945
1121948
1121949
1121950
1121951
1121954
1121955
1121956
1121957
1121960
1121961
1121962
1121963
1121966
1121967
1121968
1121969
1121972
1121973
1121974
1121975
1121978
1121979
1121980
1121981
1121984
1121985
1121986
1121987
1121990
1121991
1121992
1121993
1121996
1121997
1121998
1121999
1122002
1122003
1122004
1122005
1122008
1122009
1122010
1122011
1122013
1122014
1122015
1122016
1122019
1122020
1122021
1122022
1122025
1122026
1122027
1122028
1122031
1122032
1122033
1122034
1122037
1122038
1122039
1122040
1122043
1122044
1122045
1122046
1122049
1122050
1122051
1122052
1122055
1122056
1122057
1122058
1122061
1122062
1122063
1122064
1122067
1122068
1122069
1122070
1122073
1122074
1122075
1122076
1122079
1122080
1122081
1122082
1122085
1122086
1122087
1122088
1122091
1122092
1122093
1122094
1122097
1122098
1122099
1122100
1122103
1122104
1122105
1122106
1122109
1122110
1122111
1122112
1122115
1122116
1122117
1122118
1122121
1122122
1122123
1122124
1122127
1122128
1122129
1122130
1122132
1122133
1122134
1122135
1122138
1122139
1122140
1122141
1122144
1122145
1122146
1122147
1122150
1122151
1122152
1122153
1122156
1122157
1122158
1122159
1122162
1122163
1122164
1122165
1122168
1122169
1122170
1122171
1122174
1122175
1122176
1122177
1122180
1122181
1122182
1122183
1122186
1122187
1122188
1122189
1122192
1122193
1122194
1122195
1122198
1122199
1122200
1122201
1122204
1122205
1122206
1122207
1122210
1122211
1122212
1122213
1122216
1122217
1122218
1122219
1122222
1122223
1122224
1122225
1122228
1122229
1122230
1122231
1122234
1122235
1122236
1122237
1122240
1122241
1122242
1122243
1122246
1122247
1122248
1122249
1122251
1122252
1122253
1122254
1122257
1122258
1122259
1122260
1122263
1122264
1122265
1122266
1122269
1122270
1122271
1122272
1122275
1122276
1122277
1122278
1122281
1122282
1122283
1122284
1122287
1122288
1122289
1122290
1122293
1122294
1122295
1122296
1122299
1122300
1122301
1122302
1122305
1122306
1122307
1122308
1122311
1122312
1122313
1122314
1122317
1122318
1122319
1122320
1122323
1122324
1122325
1122326
1122329
1122330
1122331
1122332
1122335
1122336
1122337
1122338
1122341
1122342
1122343
1122344
1122347
1122348
1122349
1122350
1122353
1122354
1122355
1122356
1122359
1122360
1122361
1122362
1122365
1122366
1122367
1122368
1122370
1122371
1122372
1122373
1122376
1122377
1122378
1122379
1122382
1122383
1122384
1122385
1122388
1122389
1122390
1122391
1122394
1122395
1122396
1122397
1122400
1122401
1122402
1122403
1122406
1122407
1122408
1122409
1122412
1122413
1122414
1122415
1122418
1122419
1122420
1122421
1122424
1122425
1122426
1122427
1122430
1122431
1122432
1122433
1122436
1122437
1122438
1122439
1122442
1122443
1122444
1122445
1122448
1122449
1122450
1122451
1122454
1122455
1122456
1122457
1122460
1122461
1122462
1122463
1122466
1122467
1122468
1122469
1122472
1122473
1122474
1122475
1122478
1122479
1122480
1122481
1122484
1122485
1122486
1122487
1122489
1122490
1122491
1122492
1122495
1122496
1122497
1122498
1122501
1122502
1122503
1122504
1122507
1122508
1122509
1122510
1122513
1122514
1122515
1122516
1122519
1122520
1122521
1122522
1122525
1122526
1122527
1122528
1122531
1122532
1122533
1122534
1122537
1122538
1122539
1122540
1122543
1122544
1122545
1122546
1122549
1122550
1122551
1122552
1122555
1122556
1122557
1122558
1122561
1122562
1122563
1122564
1122567
1122568
1122569
1122570
1122573
1122574
1122575
1122576
1122579
1122580
1122581
1122582
1122585
1122586
1122587
1122588
1122591
1122592
1122593
1122594
1122597
1122598
1122599
1122600
1122603
1122604
1122605
1122606
1122608
1122609
1122610
1122611
1122614
1122615
1122616
1122617
1122620
1122621
1122622
1122623
1122626
1122627
1122628
1122629
1122632
1122633
1122634
1122635
1122638
1122639
1122640
1122641
1122644
1122645
1122646
1122647
1122650
1122651
1122652
1122653
1122656
1122657
1122658
1122659
1122662
1122663
1122664
1122665
1122668
1122669
1122670
1122671
1122674
1122675
1122676
1122677
1122680
1122681
1122682
1122683
1122686
1122687
1122688
1122689
1122692
1122693
1122694
1122695
1122698
1122699
1122700
1122701
1122704
1122705
1122706
1122707
1122710
1122711
1122712
1122713
1122716
1122717
1122718
1122719
1122722
1122723
1122724
1122725
1122727
1122728
1122729
1122730
1122733
1122734
1122735
1122736
1122739
1122740
1122741
1122742
1122745
1122746
1122747
1122748
1122751
1122752
1122753
1122754
1122757
1122758
1122759
1122760
1122763
1122764
1122765
1122766
1122769
1122770
1122771
1122772
1122775
1122776
1122777
1122778
1122781
1122782
1122783
1122784
1122787
1122788
1122789
1122790
1122793
1122794
1122795
1122796
1122799
1122800
1122801
1122802
1122805
1122806
1122807
1122808
1122811
1122812
1122813
1122814
1122817
1122818
1122819
1122820
1122823
1122824
1122825
1122826
1122829
1122830
1122831
1122832
1122835
1122836
1122837
1122838
1122841
1122842
1122843
1122844
1122846
1122847
1122848
1122849
1122852
1122853
1122854
1122855
1122858
1122859
1122860
1122861
1122864
1122865
1122866
1122867
1122870
1122871
1122872
1122873
1122876
1122877
1122878
1122879
1122882
1122883
1122884
1122885
1122888
1122889
1122890
1122891
1122894
1122895
1122896
1122897
1122900
1122901
1122902
1122903
1122906
1122907
1122908
1122909
1122912
1122913
1122914
1122915
1122918
1122919
1122920
1122921
1122924
1122925
1122926
1122927
1122930
1122931
1122932
1122933
1122936
1122937
1122938
1122939
1122942
1122943
1122944
1122945
1122948
1122949
1122950
1122951
1122954
1122955
1122956
1122957
1122960
1122961
1122962
1122963
1122965
1122966
1122967
1122968
1122971
1122972
1122973
1122974
1122977
1122978
1122979
1122980
1122983
1122984
1122985
1122986
1122989
1122990
1122991
1122992
1122995
1122996
1122997
1122998
1123001
1123002
1123003
1123004
1123007
1123008
1123009
1123010
1123013
1123014
1123015
1123016
1123019
1123020
1123021
1123022
1123025
1123026
1123027
1123028
1123031
1123032
1123033
1123034
1123037
1123038
1123039
1123040
1123043
1123044
1123045
1123046
1123049
1123050
1123051
1123052
1123055
1123056
1123057
1123058
1123061
1123062
1123063
1123064
1123067
1123068
1123069
1123070
1123073
1123074
1123075
1123076
1123079
1123080
1123081
1123082
1123084
1123085
1123086
1123087
1123090
1123091
1123092
1123093
1123096
1123097
1123098
1123099
1123102
1123103
1123104
1123105
1123108
1123109
1123110
1123111
1123114
1123115
1123116
1123117
1123120
1123121
1123122
1123123
1123126
1123127
1123128
1123129
1123132
1123133
1123134
1123135
1123138
1123139
1123140
1123141
1123144
1123145
1123146
1123147
1123150
1123151
1123152
1123153
1123156
1123157
1123158
1123159
1123162
1123163
1123164
1123165
1123168
1123169
1123170
1123171
1123174
1123175
1123176
1123177
1123180
1123181
1123182
1123183
1123186
1123187
1123188
1123189
1123192
1123193
1123194
1123195
1123198
1123199
1123200
1123201
1123203
1123204
1123205
1123206
1123209
1123210
1123211
1123212
1123215
1123216
1123217
1123218
1123221
1123222
1123223
1123224
1123227
1123228
1123229
1123230
1123233
1123234
1123235
1123236
1123239
1123240
1123241
1123242
1123245
1123246
1123247
1123248
1123251
1123252
1123253
1123254
1123257
1123258
1123259
1123260
1123263
1123264
1123265
1123266
1123269
1123270
1123271
1123272
1123275
1123276
1123277
1123278
1123281
1123282
1123283
1123284
1123287
1123288
1123289
1123290
1123293
1123294
1123295
1123296
1123299
1123300
1123301
1123302
1123305
1123306
1123307
1123308
1123311
1123312
1123313
1123314
1123317
1123318
1123319
1123320
1123322
1123323
1123324
1123325
1123328
1123329
1123330
1123331
1123334
1123335
1123336
1123337
1123340
1123341
1123342
1123343
1123346
1123347
1123348
1123349
1123352
1123353
1123354
1123355
1123358
1123359
1123360
1123361
1123364
1123365
1123366
1123367
1123370
1123371
1123372
1123373
1123376
1123377
1123378
1123379
1123382
1123383
1123384
1123385
1123388
1123389
1123390
1123391
1123394
1123395
1123396
1123397
1123400
1123401
1123402
1123403
1123406
1123407
1123408
1123409
1123412
1123413
1123414
1123415
1123418
1123419
1123420
1123421
1123424
1123425
1123426
1123427
1123430
1123431
1123432
1123433
1123436
1123437
1123438
1123439
1123441
1123442
1123443
1123444
1123447
1123448
1123449
1123450
1123453
1123454
1123455
1123456
1123459
1123460
1123461
1123462
1123465
1123466
1123467
1123468
1123471
1123472
1123473
1123474
1123477
1123478
1123479
1123480
1123483
1123484
1123485
1123486
1123489
1123490
1123491
1123492
1123495
1123496
1123497
1123498
1123501
1123502
1123503
1123504
1123507
1123508
1123509
1123510
1123513
1123514
1123515
1123516
1123519
1123520
1123521
1123522
1123525
1123526
1123527
1123528
1123531
1123532
1123533
1123534
1123537
1123538
1123539
1123540
1123543
1123544
1123545
1123546
1123549
1123550
1123551
1123552
1123555
1123556
1123557
1123558
1123560
1123561
1123562
1123563
1123566
1123567
1123568
1123569
1123572
1123573
1123574
1123575
1123578
1123579
1123580
1123581
1123584
1123585
1123586
1123587
1123590
1123591
1123592
1123593
1123596
1123597
1123598
1123599
1123602
1123603
1123604
1123605
1123608
1123609
1123610
1123611
1123614
1123615
1123616
1123617
1123620
1123621
1123622
1123623
1123626
1123627
1123628
1123629
1123632
1123633
1123634
1123635
1123638
1123639
1123640
1123641
1123644
1123645
1123646
1123647
1123650
1123651
1123652
1123653
1123656
1123657
1123658
1123659
1123662
1123663
1123664
1123665
1123668
1123669
1123670
1123671
1123674
1123675
1123676
1123677
1123679
1123680
1123681
1123682
1123685
1123686
1123687
1123688
1123691
1123692
1123693
1123694
1123697
1123698
1123699
1123700
1123703
1123704
1123705
1123706
1123709
1123710
1123711
1123712
1123715
1123716
1123717
1123718
1123721
1123722
1123723
1123724
1123727
1123728
1123729
1123730
1123733
1123734
1123735
1123736
1123739
1123740
1123741
1123742
1123745
1123746
1123747
1123748
1123751
1123752
1123753
1123754
1123757
1123758
1123759
1123760
1123763
1123764
1123765
1123766
1123769
1123770
1123771
1123772
1123775
1123776
1123777
1123778
1123781
1123782
1123783
1123784
1123787
1123788
1123789
1123790
1123793
1123794
1123795
1123796
1123798
1123799
1123800
1123801
1123804
1123805
1123806
1123807
1123810
1123811
1123812
1123813
1123816
1123817
1123818
1123819
1123822
1123823
1123824
1123825
1123828
1123829
1123830
1123831
1123834
1123835
1123836
1123837
1123840
1123841
1123842
1123843
1123846
1123847
1123848
1123849
1123852
1123853
1123854
1123855
1123858
1123859
1123860
1123861
1123864
1123865
1123866
1123867
1123870
1123871
1123872
1123873
1123876
1123877
1123878
1123879
1123882
1123883
1123884
1123885
1123888
1123889
1123890
1123891
1123894
1123895
1123896
1123897
1123900
1123901
1123902
1123903
1123906
1123907
1123908
1123909
1123912
1123913
1123914
1123915
1123917
1123918
1123919
1123920
1123923
1123924
1123925
1123926
1123929
1123930
1123931
1123932
1123935
1123936
1123937
1123938
1123941
1123942
1123943
1123944
1123947
1123948
1123949
1123950
1123953
1123954
1123955
1123956
1123959
1123960
1123961
1123962
1123965
1123966
1123967
1123968
1123971
1123972
1123973
1123974
1123977
1123978
1123979
1123980
1123983
1123984
1123985
1123986
1123989
1123990
1123991
1123992
1123995
1123996
1123997
1123998
1124001
1124002
1124003
1124004
1124007
1124008
1124009
1124010
1124013
1124014
1124015
1124016
1124019
1124020
1124021
1124022
1124025
1124026
1124027
1124028
1124031
1124032
1124033
1124034
1124036
1124037
1124038
1124039
1124042
1124043
1124044
1124045
1124048
1124049
1124050
1124051
1124054
1124055
1124056
1124057
1124060
1124061
1124062
1124063
1124066
1124067
1124068
1124069
1124072
1124073
1124074
1124075
1124078
1124079
1124080
1124081
1124084
1124085
1124086
1124087
1124090
1124091
1124092
1124093
1124096
1124097
1124098
1124099
1124102
1124103
1124104
1124105
1124108
1124109
1124110
1124111
1124114
1124115
1124116
1124117
1124120
1124121
1124122
1124123
1124126
1124127
1124128
1124129
1124132
1124133
1124134
1124135
1124138
1124139
1124140
1124141
1124144
1124145
1124146
1124147
1124150
1124151
1124152
1124153
1124155
1124156
1124157
1124158
1124161
1124162
1124163
1124164
1124167
1124168
1124169
1124170
1124173
1124174
1124175
1124176
1124179
1124180
1124181
1124182
1124185
1124186
1124187
1124188
1124191
1124192
1124193
1124194
1124197
1124198
1124199
1124200
1124203
1124204
1124205
1124206
1124209
1124210
1124211
1124212
1124215
1124216
1124217
1124218
1124221
1124222
1124223
1124224
1124227
1124228
1124229
1124230
1124233
1124234
1124235
1124236
1124239
1124240
1124241
1124242
1124245
1124246
1124247
1124248
1124251
1124252
1124253
1124254
1124257
1124258
1124259
1124260
1124263
1124264
1124265
1124266
1124269
1124270
1124271
1124272
1124274
1124275
1124276
1124277
1124280
1124281
1124282
1124283
1124286
1124287
1124288
1124289
1124292
1124293
1124294
1124295
1124298
1124299
1124300
1124301
1124304
1124305
1124306
1124307
1124310
1124311
1124312
1124313
1124316
1124317
1124318
1124319
1124322
1124323
1124324
1124325
1124328
1124329
1124330
1124331
1124334
1124335
1124336
1124337
1124340
1124341
1124342
1124343
1124346
1124347
1124348
1124349
1124352
1124353
1124354
1124355
1124358
1124359
1124360
1124361
1124364
1124365
1124366
1124367
1124370
1124371
1124372
1124373
1124376
1124377
1124378
1124379
1124382
1124383
1124384
1124385
1124388
1124389
1124390
1124391
1124393
1124394
1124395
1124396
1124399
1124400
1124401
1124402
1124405
1124406
1124407
1124408
1124411
1124412
1124413
1124414
1124417
1124418
1124419
1124420
1124423
1124424
1124425
1124426
1124429
1124430
1124431
1124432
1124435
1124436
1124437
1124438
1124441
1124442
1124443
1124444
1124447
1124448
1124449
1124450
1124453
1124454
1124455
1124456
1124459
1124460
1124461
1124462
1124465
1124466
1124467
1124468
1124471
1124472
1124473
1124474
1124477
1124478
1124479
1124480
1124483
1124484
1124485
1124486
1124489
1124490
1124491
1124492
1124495
1124496
1124497
1124498
1124501
1124502
1124503
1124504
1124507
1124508
1124509
1124510
1124512
1124513
1124514
1124515
1124518
1124519
1124520
1124521
1124524
1124525
1124526
1124527
1124530
1124531
1124532
1124533
1124536
1124537
1124538
1124539
1124542
1124543
1124544
1124545
1124548
1124549
1124550
1124551
1124554
1124555
1124556
1124557
1124560
1124561
1124562
1124563
1124566
1124567
1124568
1124569
1124572
1124573
1124574
1124575
1124578
1124579
1124580
1124581
1124584
1124585
1124586
1124587
1124590
1124591
1124592
1124593
1124596
1124597
1124598
1124599
1124602
1124603
1124604
1124605
1124608
1124609
1124610
1124611
1124614
1124615
1124616
1124617
1124620
1124621
1124622
1124623
1124626
1124627
1124628
1124629
1124631
1124632
1124633
1124634
1124637
1124638
1124639
1124640
1124643
1124644
1124645
1124646
1124649
1124650
1124651
1124652
1124655
1124656
1124657
1124658
1124661
1124662
1124663
1124664
1124667
1124668
1124669
1124670
1124673
1124674
1124675
1124676
1124679
1124680
1124681
1124682
1124685
1124686
1124687
1124688
1124691
1124692
1124693
1124694
1124697
1124698
1124699
1124700
1124703
1124704
1124705
1124706
1124709
1124710
1124711
1124712
1124715
1124716
1124717
1124718
1124721
1124722
1124723
1124724
1124727
1124728
1124729
1124730
1124733
1124734
1124735
1124736
1124739
1124740
1124741
1124742
1124745
1124746
1124747
1124748
1124750
1124751
1124752
1124753
1124756
1124757
1124758
1124759
1124762
1124763
1124764
1124765
1124768
1124769
1124770
1124771
1124774
1124775
1124776
1124777
1124780
1124781
1124782
1124783
1124786
1124787
1124788
1124789
1124792
1124793
1124794
1124795
1124798
1124799
1124800
1124801
1124804
1124805
1124806
1124807
1124810
1124811
1124812
1124813
1124816
1124817
1124818
1124819
1124822
1124823
1124824
1124825
1124828
1124829
1124830
1124831
1124834
1124835
1124836
1124837
1124840
1124841
1124842
1124843
1124846
1124847
1124848
1124849
1124852
1124853
1124854
1124855
1124858
1124859
1124860
1124861
1124864
1124865
1124866
1124867
1124869
1124870
1124871
1124872
1124875
1124876
1124877
1124878
1124881
1124882
1124883
1124884
1124887
1124888
1124889
1124890
1124893
1124894
1124895
1124896
1124899
1124900
1124901
1124902
1124905
1124906
1124907
1124908
1124911
1124912
1124913
1124914
1124917
1124918
1124919
1124920
1124923
1124924
1124925
1124926
1124929
1124930
1124931
1124932
1124935
1124936
1124937
1124938
1124941
1124942
1124943
1124944
1124947
1124948
1124949
1124950
1124953
1124954
1124955
1124956
1124959
1124960
1124961
1124962
1124965
1124966
1124967
1124968
1124971
1124972
1124973
1124974
1124977
1124978
1124979
1124980
1124983
1124984
1124985
1124986
1124988
1124989
1124990
1124991
1124994
1124995
1124996
1124997
1125000
1125001
1125002
1125003
1125006
1125007
1125008
1125009
1125012
1125013
1125014
1125015
1125018
1125019
1125020
1125021
1125024
1125025
1125026
1125027
1125030
1125031
1125032
1125033
1125036
1125037
1125038
1125039
1125042
1125043
1125044
1125045
1125048
1125049
1125050
1125051
1125054
1125055
1125056
1125057
1125060
1125061
1125062
1125063
1125066
1125067
1125068
1125069
1125072
1125073
1125074
1125075
1125078
1125079
1125080
1125081
1125084
1125085
1125086
1125087
1125090
1125091
1125092
1125093
1125096
1125097
1125098
1125099
1125102
1125103
1125104
1125105
1125107
1125108
1125109
1125110
1125113
1125114
1125115
1125116
1125119
1125120
1125121
1125122
1125125
1125126
1125127
1125128
1125131
1125132
1125133
1125134
1125137
1125138
1125139
1125140
1125143
1125144
1125145
1125146
1125149
1125150
1125151
1125152
1125155
1125156
1125157
1125158
1125161
1125162
1125163
1125164
1125167
1125168
1125169
1125170
1125173
1125174
1125175
1125176
1125179
1125180
1125181
1125182
1125185
1125186
1125187
1125188
1125191
1125192
1125193
1125194
1125197
1125198
1125199
1125200
1125203
1125204
1125205
1125206
1125209
1125210
1125211
1125212
1125215
1125216
1125217
1125218
1125221
1125222
1125223
1125224
1125226
1125227
1125228
1125229
1125232
1125233
1125234
1125235
1125238
1125239
1125240
1125241
1125244
1125245
1125246
1125247
1125250
1125251
1125252
1125253
1125256
1125257
1125258
1125259
1125262
1125263
1125264
1125265
1125268
1125269
1125270
1125271
1125274
1125275
1125276
1125277
1125280
1125281
1125282
1125283
1125286
1125287
1125288
1125289
1125292
1125293
1125294
1125295
1125298
1125299
1125300
1125301
1125304
1125305
1125306
1125307
1125310
1125311
1125312
1125313
1125316
1125317
1125318
1125319
1125322
1125323
1125324
1125325
1125328
1125329
1125330
1125331
1125334
1125335
1125336
1125337
1125340
1125341
1125342
1125343
1125345
1125346
1125347
1125348
1125351
1125352
1125353
1125354
1125357
1125358
1125359
1125360
1125363
1125364
1125365
1125366
1125369
1125370
1125371
1125372
1125375
1125376
1125377
1125378
1125381
1125382
1125383
1125384
1125387
1125388
1125389
1125390
1125393
1125394
1125395
1125396
1125399
1125400
1125401
1125402
1125405
1125406
1125407
1125408
1125411
1125412
1125413
1125414
1125417
1125418
1125419
1125420
1125423
1125424
1125425
1125426
1125429
1125430
1125431
1125432
1125435
1125436
1125437
1125438
1125441
1125442
1125443
1125444
1125447
1125448
1125449
1125450
1125453
1125454
1125455
1125456
1125459
1125460
1125461
1125462
1125464
1125465
1125466
1125467
1125470
1125471
1125472
1125473
1125476
1125477
1125478
1125479
1125482
1125483
1125484
1125485
1125488
1125489
1125490
1125491
1125494
1125495
1125496
1125497
1125500
1125501
1125502
1125503
1125506
1125507
1125508
1125509
1125512
1125513
1125514
1125515
1125518
1125519
1125520
1125521
1125524
1125525
1125526
1125527
1125530
1125531
1125532
1125533
1125536
1125537
1125538
1125539
1125542
1125543
1125544
1125545
1125548
1125549
1125550
1125551
1125554
1125555
1125556
1125557
1125560
1125561
1125562
1125563
1125566
1125567
1125568
1125569
1125572
1125573
1125574
1125575
1125578
1125579
1125580
1125581
1125583
1125584
1125585
1125586
1125589
1125590
1125591
1125592
1125595
1125596
1125597
1125598
1125601
1125602
1125603
1125604
1125607
1125608
1125609
1125610
1125613
1125614
1125615
1125616
1125619
1125620
1125621
1125622
1125625
1125626
1125627
1125628
1125631
1125632
1125633
1125634
1125637
1125638
1125639
1125640
1125643
1125644
1125645
1125646
1125649
1125650
1125651
1125652
1125655
1125656
1125657
1125658
1125661
1125662
1125663
1125664
1125667
1125668
1125669
1125670
1125673
1125674
1125675
1125676
1125679
1125680
1125681
1125682
1125685
1125686
1125687
1125688
1125691
1125692
1125693
1125694
1125697
1125698
1125699
1125700
1125702
1125703
1125704
1125705
1125708
1125709
1125710
1125711
1125714
1125715
1125716
1125717
1125720
1125721
1125722
1125723
1125726
1125727
1125728
1125729
1125732
1125733
1125734
1125735
1125738
1125739
1125740
1125741
1125744
1125745
1125746
1125747
1125750
1125751
1125752
1125753
1125756
1125757
1125758
1125759
1125762
1125763
1125764
1125765
1125768
1125769
1125770
1125771
1125774
1125775
1125776
1125777
1125780
1125781
1125782
1125783
1125786
1125787
1125788
1125789
1125792
1125793
1125794
1125795
1125798
1125799
1125800
1125801
1125804
1125805
1125806
1125807
1125810
1125811
1125812
1125813
1125816
1125817
1125818
1125819
1125821
1125822
1125823
1125824
1125827
1125828
1125829
1125830
1125833
1125834
1125835
1125836
1125839
1125840
1125841
1125842
1125845
1125846
1125847
1125848
1125851
1125852
1125853
1125854
1125857
1125858
1125859
1125860
1125863
1125864
1125865
1125866
1125869
1125870
1125871
1125872
1125875
1125876
1125877
1125878
1125881
1125882
1125883
1125884
1125887
1125888
1125889
1125890
1125893
1125894
1125895
1125896
1125899
1125900
1125901
1125902
1125905
1125906
1125907
1125908
1125911
1125912
1125913
1125914
1125917
1125918
1125919
1125920
1125923
1125924
1125925
1125926
1125929
1125930
1125931
1125932
1125935
1125936
1125937
1125938
1125940
1125941
1125942
1125943
1125946
1125947
1125948
1125949
1125952
1125953
1125954
1125955
1125958
1125959
1125960
1125961
1125964
1125965
1125966
1125967
1125970
1125971
1125972
1125973
1125976
1125977
1125978
1125979
1125982
1125983
1125984
1125985
1125988
1125989
1125990
1125991
1125994
1125995
1125996
1125997
1126000
1126001
1126002
1126003
1126006
1126007
1126008
1126009
1126012
1126013
1126014
1126015
1126018
1126019
1126020
1126021
1126024
1126025
1126026
1126027
1126030
1126031
1126032
1126033
1126036
1126037
1126038
1126039
1126042
1126043
1126044
1126045
1126048
1126049
1126050
1126051
1126054
1126055
1126056
1126057
1126059
1126060
1126061
1126062
1126065
1126066
1126067
1126068
1126071
1126072
1126073
1126074
1126077
1126078
1126079
1126080
1126083
1126084
1126085
1126086
1126089
1126090
1126091
1126092
1126095
1126096
1126097
1126098
1126101
1126102
1126103
1126104
1126107
1126108
1126109
1126110
1126113
1126114
1126115
1126116
1126119
1126120
1126121
1126122
1126125
1126126
1126127
1126128
1126131
1126132
1126133
1126134
1126137
1126138
1126139
1126140
1126143
1126144
1126145
1126146
1126149
1126150
1126151
1126152
1126155
1126156
1126157
1126158
1126161
1126162
1126163
1126164
1126167
1126168
1126169
1126170
1126173
1126174
1126175
1126176
1126178
1126179
1126180
1126181
1126184
1126185
1126186
1126187
1126190
1126191
1126192
1126193
1126196
1126197
1126198
1126199
1126202
1126203
1126204
1126205
1126208
1126209
1126210
1126211
1126214
1126215
1126216
1126217
1126220
1126221
1126222
1126223
1126226
1126227
1126228
1126229
1126232
1126233
1126234
1126235
1126238
1126239
1126240
1126241
1126244
1126245
1126246
1126247
1126250
1126251
1126252
1126253
1126256
1126257
1126258
1126259
1126262
1126263
1126264
1126265
1126268
1126269
1126270
1126271
1126274
1126275
1126276
1126277
1126280
1126281
1126282
1126283
1126286
1126287
1126288
1126289
1126292
1126293
1126294
1126295
1126297
1126298
1126299
1126300
1126303
1126304
1126305
1126306
1126309
1126310
1126311
1126312
1126315
1126316
1126317
1126318
1126321
1126322
1126323
1126324
1126327
1126328
1126329
1126330
1126333
1126334
1126335
1126336
1126339
1126340
1126341
1126342
1126345
1126346
1126347
1126348
1126351
1126352
1126353
1126354
1126357
1126358
1126359
1126360
1126363
1126364
1126365
1126366
1126369
1126370
1126371
1126372
1126375
1126376
1126377
1126378
1126381
1126382
1126383
1126384
1126387
1126388
1126389
1126390
1126393
1126394
1126395
1126396
1126399
1126400
1126401
1126402
1126405
1126406
1126407
1126408
1126411
1126412
1126413
1126414
1126416
1126417
1126418
1126419
1126422
1126423
1126424
1126425
1126428
1126429
1126430
1126431
1126434
1126435
1126436
1126437
1126440
1126441
1126442
1126443
1126446
1126447
1126448
1126449
1126452
1126453
1126454
1126455
1126458
1126459
1126460
1126461
1126464
1126465
1126466
1126467
1126470
1126471
1126472
1126473
1126476
1126477
1126478
1126479
1126482
1126483
1126484
1126485
1126488
1126489
1126490
1126491
1126494
1126495
1126496
1126497
1126500
1126501
1126502
1126503
1126506
1126507
1126508
1126509
1126512
1126513
1126514
1126515
1126518
1126519
1126520
1126521
1126524
1126525
1126526
1126527
1126530
1126531
1126532
1126533
1126535
1126536
1126537
1126538
1126541
1126542
1126543
1126544
1126547
1126548
1126549
1126550
1126553
1126554
1126555
1126556
1126559
1126560
1126561
1126562
1126565
1126566
1126567
1126568
1126571
1126572
1126573
1126574
1126577
1126578
1126579
1126580
1126583
1126584
1126585
1126586
1126589
1126590
1126591
1126592
1126595
1126596
1126597
1126598
1126601
1126602
1126603
1126604
1126607
1126608
1126609
1126610
1126613
1126614
1126615
1126616
1126619
1126620
1126621
1126622
1126625
1126626
1126627
1126628
1126631
1126632
1126633
1126634
1126637
1126638
1126639
1126640
1126643
1126644
1126645
1126646
1126649
1126650
1126651
1126652
1126654
1126655
1126656
1126657
1126660
1126661
1126662
1126663
1126666
1126667
1126668
1126669
1126672
1126673
1126674
1126675
1126678
1126679
1126680
1126681
1126684
1126685
1126686
1126687
1126690
1126691
1126692
1126693
1126696
1126697
1126698
1126699
1126702
1126703
1126704
1126705
1126708
1126709
1126710
1126711
1126714
1126715
1126716
1126717
1126720
1126721
1126722
1126723
1126726
1126727
1126728
1126729
1126732
1126733
1126734
1126735
1126738
1126739
1126740
1126741
1126744
1126745
1126746
1126747
1126750
1126751
1126752
1126753
1126756
1126757
1126758
1126759
1126762
1126763
1126764
1126765
1126768
1126769
1126770
1126771
1126773
1126774
1126775
1126776
1126779
1126780
1126781
1126782
1126785
1126786
1126787
1126788
1126791
1126792
1126793
1126794
1126797
1126798
1126799
1126800
1126803
1126804
1126805
1126806
1126809
1126810
1126811
1126812
1126815
1126816
1126817
1126818
1126821
1126822
1126823
1126824
1126827
1126828
1126829
1126830
1126833
1126834
1126835
1126836
1126839
1126840
1126841
1126842
1126845
1126846
1126847
1126848
1126851
1126852
1126853
1126854
1126857
1126858
1126859
1126860
1126863
1126864
1126865
1126866
1126869
1126870
1126871
1126872
1126875
1126876
1126877
1126878
1126881
1126882
1126883
1126884
1126887
1126888
1126889
1126890
1126892
1126893
1126894
1126895
1126898
1126899
1126900
1126901
1126904
1126905
1126906
1126907
1126910
1126911
1126912
1126913
1126916
1126917
1126918
1126919
1126922
1126923
1126924
1126925
1126928
1126929
1126930
1126931
1126934
1126935
1126936
1126937
1126940
1126941
1126942
1126943
1126946
1126947
1126948
1126949
1126952
1126953
1126954
1126955
1126958
1126959
1126960
1126961
1126964
1126965
1126966
1126967
1126970
1126971
1126972
1126973
1126976
1126977
1126978
1126979
1126982
1126983
1126984
1126985
1126988
1126989
1126990
1126991
1126994
1126995
1126996
1126997
1127000
1127001
1127002
1127003
1127006
1127007
1127008
1127009
1127011
1127012
1127013
1127014
1127017
1127018
1127019
1127020
1127023
1127024
1127025
1127026
1127029
1127030
1127031
1127032
1127035
1127036
1127037
1127038
1127041
1127042
1127043
1127044
1127047
1127048
1127049
1127050
1127053
1127054
1127055
1127056
1127059
1127060
1127061
1127062
1127065
1127066
1127067
1127068
1127071
1127072
1127073
1127074
1127077
1127078
1127079
1127080
1127083
1127084
1127085
1127086
1127089
1127090
1127091
1127092
1127095
1127096
1127097
1127098
1127101
1127102
1127103
1127104
1127107
1127108
1127109
1127110
1127113
1127114
1127115
1127116
1127119
1127120
1127121
1127122
1127125
1127126
1127127
1127128
1127130
1127131
1127132
1127133
1127136
1127137
1127138
1127139
1127142
1127143
1127144
1127145
1127148
1127149
1127150
1127151
1127154
1127155
1127156
1127157
1127160
1127161
1127162
1127163
1127166
1127167
1127168
1127169
1127172
1127173
1127174
1127175
1127178
1127179
1127180
1127181
1127184
1127185
1127186
1127187
1127190
1127191
1127192
1127193
1127196
1127197
1127198
1127199
1127202
1127203
1127204
1127205
1127208
1127209
1127210
1127211
1127214
1127215
1127216
1127217
1127220
1127221
1127222
1127223
1127226
1127227
1127228
1127229
1127232
1127233
1127234
1127235
1127238
1127239
1127240
1127241
1127244
1127245
1127246
1127247
1127249
1127250
1127251
1127252
1127255
1127256
1127257
1127258
1127261
1127262
1127263
1127264
1127267
1127268
1127269
1127270
1127273
1127274
1127275
1127276
1127279
1127280
1127281
1127282
1127285
1127286
1127287
1127288
1127291
1127292
1127293
1127294
1127297
1127298
1127299
1127300
1127303
1127304
1127305
1127306
1127309
1127310
1127311
1127312
1127315
1127316
1127317
1127318
1127321
1127322
1127323
1127324
1127327
1127328
1127329
1127330
1127333
1127334
1127335
1127336
1127339
1127340
1127341
1127342
1127345
1127346
1127347
1127348
1127351
1127352
1127353
1127354
1127357
1127358
1127359
1127360
1127363
1127364
1127365
1127366
1127368
1127369
1127370
1127371
1127374
1127375
1127376
1127377
1127380
1127381
1127382
1127383
1127386
1127387
1127388
1127389
1127392
1127393
1127394
1127395
1127398
1127399
1127400
1127401
1127404
1127405
1127406
1127407
1127410
1127411
1127412
1127413
1127416
1127417
1127418
1127419
1127422
1127423
1127424
1127425
1127428
1127429
1127430
1127431
1127434
1127435
1127436
1127437
1127440
1127441
1127442
1127443
1127446
1127447
1127448
1127449
1127452
1127453
1127454
1127455
1127458
1127459
1127460
1127461
1127464
1127465
1127466
1127467
1127470
1127471
1127472
1127473
1127476
1127477
1127478
1127479
1127482
1127483
1127484
1127485
1127487
1127488
1127489
1127490
1127493
1127494
1127495
1127496
1127499
1127500
1127501
1127502
1127505
1127506
1127507
1127508
1127511
1127512
1127513
1127514
1127517
1127518
1127519
1127520
1127523
1127524
1127525
1127526
1127529
1127530
1127531
1127532
1127535
1127536
1127537
1127538
1127541
1127542
1127543
1127544
1127547
1127548
1127549
1127550
1127553
1127554
1127555
1127556
1127559
1127560
1127561
1127562
1127565
1127566
1127567
1127568
1127571
1127572
1127573
1127574
1127577
1127578
1127579
1127580
1127583
1127584
1127585
1127586
1127589
1127590
1127591
1127592
1127595
1127596
1127597
1127598
1127601
1127602
1127603
1127604
1127606
1127607
1127608
1127609
1127612
1127613
1127614
1127615
1127618
1127619
1127620
1127621
1127624
1127625
1127626
1127627
1127630
1127631
1127632
1127633
1127636
1127637
1127638
1127639
1127642
1127643
1127644
1127645
1127648
1127649
1127650
1127651
1127654
1127655
1127656
1127657
1127660
1127661
1127662
1127663
1127666
1127667
1127668
1127669
1127672
1127673
1127674
1127675
1127678
1127679
1127680
1127681
1127684
1127685
1127686
1127687
1127690
1127691
1127692
1127693
1127696
1127697
1127698
1127699
1127702
1127703
1127704
1127705
1127708
1127709
1127710
1127711
1127714
1127715
1127716
1127717
1127720
1127721
1127722
1127723
1127725
1127726
1127727
1127728
1127731
1127732
1127733
1127734
1127737
1127738
1127739
1127740
1127743
1127744
1127745
1127746
1127749
1127750
1127751
1127752
1127755
1127756
1127757
1127758
1127761
1127762
1127763
1127764
1127767
1127768
1127769
1127770
1127773
1127774
1127775
1127776
1127779
1127780
1127781
1127782
1127785
1127786
1127787
1127788
1127791
1127792
1127793
1127794
1127797
1127798
1127799
1127800
1127803
1127804
1127805
1127806
1127809
1127810
1127811
1127812
1127815
1127816
1127817
1127818
1127821
1127822
1127823
1127824
1127827
1127828
1127829
1127830
1127833
1127834
1127835
1127836
1127839
1127840
1127841
1127842
1127844
1127845
1127846
1127847
1127850
1127851
1127852
1127853
1127856
1127857
1127858
1127859
1127862
1127863
1127864
1127865
1127868
1127869
1127870
1127871
1127874
1127875
1127876
1127877
1127880
1127881
1127882
1127883
1127886
1127887
1127888
1127889
1127892
1127893
1127894
1127895
1127898
1127899
1127900
1127901
1127904
1127905
1127906
1127907
1127910
1127911
1127912
1127913
1127916
1127917
1127918
1127919
1127922
1127923
1127924
1127925
1127928
1127929
1127930
1127931
1127934
1127935
1127936
1127937
1127940
1127941
1127942
1127943
1127946
1127947
1127948
1127949
1127952
1127953
1127954
1127955
1127958
1127959
1127960
1127961
1127963
1127964
1127965
1127966
1127969
1127970
1127971
1127972
1127975
1127976
1127977
1127978
1127981
1127982
1127983
1127984
1127987
1127988
1127989
1127990
1127993
1127994
1127995
1127996
1127999
1128000
1128001
1128002
1128005
1128006
1128007
1128008
1128011
1128012
1128013
1128014
1128017
1128018
1128019
1128020
1128023
1128024
1128025
1128026
1128029
1128030
1128031
1128032
1128035
1128036
1128037
1128038
1128041
1128042
1128043
1128044
1128047
1128048
1128049
1128050
1128053
1128054
1128055
1128056
1128059
1128060
1128061
1128062
1128065
1128066
1128067
1128068
1128071
1128072
1128073
1128074
1128077
1128078
1128079
1128080
1128082
1128083
1128084
1128085
1128088
1128089
1128090
1128091
1128094
1128095
1128096
1128097
1128100
1128101
1128102
1128103
1128106
1128107
1128108
1128109
1128112
1128113
1128114
1128115
1128118
1128119
1128120
1128121
1128124
1128125
1128126
1128127
1128130
1128131
1128132
1128133
1128136
1128137
1128138
1128139
1128142
1128143
1128144
1128145
1128148
1128149
1128150
1128151
1128154
1128155
1128156
1128157
1128160
1128161
1128162
1128163
1128166
1128167
1128168
1128169
1128172
1128173
1128174
1128175
1128178
1128179
1128180
1128181
1128184
1128185
1128186
1128187
1128190
1128191
1128192
1128193
1128196
1128197
1128198
1128199
1128201
1128202
1128203
1128204
1128207
1128208
1128209
1128210
1128213
1128214
1128215
1128216
1128219
1128220
1128221
1128222
1128225
1128226
1128227
1128228
1128231
1128232
1128233
1128234
1128237
1128238
1128239
1128240
1128243
1128244
1128245
1128246
1128249
1128250
1128251
1128252
1128255
1128256
1128257
1128258
1128261
1128262
1128263
1128264
1128267
1128268
1128269
1128270
1128273
1128274
1128275
1128276
1128279
1128280
1128281
1128282
1128285
1128286
1128287
1128288
1128291
1128292
1128293
1128294
1128297
1128298
1128299
1128300
1128303
1128304
1128305
1128306
1128309
1128310
1128311
1128312
1128315
1128316
1128317
1128318
1128320
1128321
1128322
1128323
1128326
1128327
1128328
1128329
1128332
1128333
1128334
1128335
1128338
1128339
1128340
1128341
1128344
1128345
1128346
1128347
1128350
1128351
1128352
1128353
1128356
1128357
1128358
1128359
1128362
1128363
1128364
1128365
1128368
1128369
1128370
1128371
1128374
1128375
1128376
1128377
1128380
1128381
1128382
1128383
1128386
1128387
1128388
1128389
1128392
1128393
1128394
1128395
1128398
1128399
1128400
1128401
1128404
1128405
1128406
1128407
1128410
1128411
1128412
1128413
1128416
1128417
1128418
1128419
1128422
1128423
1128424
1128425
1128428
1128429
1128430
1128431
1128434
1128435
1128436
1128437
1128439
1128440
1128441
1128442
1128445
1128446
1128447
1128448
1128451
1128452
1128453
1128454
1128457
1128458
1128459
1128460
1128463
1128464
1128465
1128466
1128469
1128470
1128471
1128472
1128475
1128476
1128477
1128478
1128481
1128482
1128483
1128484
1128487
1128488
1128489
1128490
1128493
1128494
1128495
1128496
1128499
1128500
1128501
1128502
1128505
1128506
1128507
1128508
1128511
1128512
1128513
1128514
1128517
1128518
1128519
1128520
1128523
1128524
1128525
1128526
1128529
1128530
1128531
1128532
1128535
1128536
1128537
1128538
1128541
1128542
1128543
1128544
1128547
1128548
1128549
1128550
1128553
1128554
1128555
1128556
1128558
1128559
1128560
1128561
1128564
1128565
1128566
1128567
1128570
1128571
1128572
1128573
1128576
1128577
1128578
1128579
1128582
1128583
1128584
1128585
1128588
1128589
1128590
1128591
1128594
1128595
1128596
1128597
1128600
1128601
1128602
1128603
1128606
1128607
1128608
1128609
1128612
1128613
1128614
1128615
1128618
1128619
1128620
1128621
1128624
1128625
1128626
1128627
1128630
1128631
1128632
1128633
1128636
1128637
1128638
1128639
1128642
1128643
1128644
1128645
1128648
1128649
1128650
1128651
1128654
1128655
1128656
1128657
1128660
1128661
1128662
1128663
1128666
1128667
1128668
1128669
1128672
1128673
1128674
1128675
1128677
1128678
1128679
1128680
1128683
1128684
1128685
1128686
1128689
1128690
1128691
1128692
1128695
1128696
1128697
1128698
1128701
1128702
1128703
1128704
1128707
1128708
1128709
1128710
1128713
1128714
1128715
1128716
1128719
1128720
1128721
1128722
1128725
1128726
1128727
1128728
1128731
1128732
1128733
1128734
1128737
1128738
1128739
1128740
1128743
1128744
1128745
1128746
1128749
1128750
1128751
1128752
1128755
1128756
1128757
1128758
1128761
1128762
1128763
1128764
1128767
1128768
1128769
1128770
1128773
1128774
1128775
1128776
1128779
1128780
1128781
1128782
1128785
1128786
1128787
1128788
1128791
1128792
1128793
1128794
1128796
1128797
1128798
1128799
1128802
1128803
1128804
1128805
1128808
1128809
1128810
1128811
1128814
1128815
1128816
1128817
1128820
1128821
1128822
1128823
1128826
1128827
1128828
1128829
1128832
1128833
1128834
1128835
1128838
1128839
1128840
1128841
1128844
1128845
1128846
1128847
1128850
1128851
1128852
1128853
1128856
1128857
1128858
1128859
1128862
1128863
1128864
1128865
1128868
1128869
1128870
1128871
1128874
1128875
1128876
1128877
1128880
1128881
1128882
1128883
1128886
1128887
1128888
1128889
1128892
1128893
1128894
1128895
1128898
1128899
1128900
1128901
1128904
1128905
1128906
1128907
1128910
1128911
1128912
1128913
1128915
1128916
1128917
1128918
1128921
1128922
1128923
1128924
1128927
1128928
1128929
1128930
1128933
1128934
1128935
1128936
1128939
1128940
1128941
1128942
1128945
1128946
1128947
1128948
1128951
1128952
1128953
1128954
1128957
1128958
1128959
1128960
1128963
1128964
1128965
1128966
1128969
1128970
1128971
1128972
1128975
1128976
1128977
1128978
1128981
1128982
1128983
1128984
1128987
1128988
1128989
1128990
1128993
1128994
1128995
1128996
1128999
1129000
1129001
1129002
1129005
1129006
1129007
1129008
1129011
1129012
1129013
1129014
1129017
1129018
1129019
1129020
1129023
1129024
1129025
1129026
1129029
1129030
1129031
1129032
1129034
1129035
1129036
1129037
1129040
1129041
1129042
1129043
1129046
1129047
1129048
1129049
1129052
1129053
1129054
1129055
1129058
1129059
1129060
1129061
1129064
1129065
1129066
1129067
1129070
1129071
1129072
1129073
1129076
1129077
1129078
1129079
1129082
1129083
1129084
1129085
1129088
1129089
1129090
1129091
1129094
1129095
1129096
1129097
1129100
1129101
1129102
1129103
1129106
1129107
1129108
1129109
1129112
1129113
1129114
1129115
1129118
1129119
1129120
1129121
1129124
1129125
1129126
1129127
1129130
1129131
1129132
1129133
1129136
1129137
1129138
1129139
1129142
1129143
1129144
1129145
1129148
1129149
1129150
1129151
1129153
1129154
1129155
1129156
1129159
1129160
1129161
1129162
1129165
1129166
1129167
1129168
1129171
1129172
1129173
1129174
1129177
1129178
1129179
1129180
1129183
1129184
1129185
1129186
1129189
1129190
1129191
1129192
1129195
1129196
1129197
1129198
1129201
1129202
1129203
1129204
1129207
1129208
1129209
1129210
1129213
1129214
1129215
1129216
1129219
1129220
1129221
1129222
1129225
1129226
1129227
1129228
1129231
1129232
1129233
1129234
1129237
1129238
1129239
1129240
1129243
1129244
1129245
1129246
1129249
1129250
1129251
1129252
1129255
1129256
1129257
1129258
1129261
1129262
1129263
1129264
1129267
1129268
1129269
1129270
1129272
1129273
1129274
1129275
1129278
1129279
1129280
1129281
1129284
1129285
1129286
1129287
1129290
1129291
1129292
1129293
1129296
1129297
1129298
1129299
1129302
1129303
1129304
1129305
1129308
1129309
1129310
1129311
1129314
1129315
1129316
1129317
1129320
1129321
1129322
1129323
1129326
1129327
1129328
1129329
1129332
1129333
1129334
1129335
1129338
1129339
1129340
1129341
1129344
1129345
1129346
1129347
1129350
1129351
1129352
1129353
1129356
1129357
1129358
1129359
1129362
1129363
1129364
1129365
1129368
1129369
1129370
1129371
1129374
1129375
1129376
1129377
1129380
1129381
1129382
1129383
1129386
1129387
1129388
1129389
1129391
1129392
1129393
1129394
1129397
1129398
1129399
1129400
1129403
1129404
1129405
1129406
1129409
1129410
1129411
1129412
1129415
1129416
1129417
1129418
1129421
1129422
1129423
1129424
1129427
1129428
1129429
1129430
1129433
1129434
1129435
1129436
1129439
1129440
1129441
1129442
1129445
1129446
1129447
1129448
1129451
1129452
1129453
1129454
1129457
1129458
1129459
1129460
1129463
1129464
1129465
1129466
1129469
1129470
1129471
1129472
1129475
1129476
1129477
1129478
1129481
1129482
1129483
1129484
1129487
1129488
1129489
1129490
1129493
1129494
1129495
1129496
1129499
1129500
1129501
1129502
1129505
1129506
1129507
1129508
1129510
1129511
1129512
1129513
1129516
1129517
1129518
1129519
1129522
1129523
1129524
1129525
1129528
1129529
1129530
1129531
1129534
1129535
1129536
1129537
1129540
1129541
1129542
1129543
1129546
1129547
1129548
1129549
1129552
1129553
1129554
1129555
1129558
1129559
1129560
1129561
1129564
1129565
1129566
1129567
1129570
1129571
1129572
1129573
1129576
1129577
1129578
1129579
1129582
1129583
1129584
1129585
1129588
1129589
1129590
1129591
1129594
1129595
1129596
1129597
1129600
1129601
1129602
1129603
1129606
1129607
1129608
1129609
1129612
1129613
1129614
1129615
1129618
1129619
1129620
1129621
1129624
1129625
1129626
1129627
1129629
1129630
1129631
1129632
1129635
1129636
1129637
1129638
1129641
1129642
1129643
1129644
1129647
1129648
1129649
1129650
1129653
1129654
1129655
1129656
1129659
1129660
1129661
1129662
1129665
1129666
1129667
1129668
1129671
1129672
1129673
1129674
1129677
1129678
1129679
1129680
1129683
1129684
1129685
1129686
1129689
1129690
1129691
1129692
1129695
1129696
1129697
1129698
1129701
1129702
1129703
1129704
1129707
1129708
1129709
1129710
1129713
1129714
1129715
1129716
1129719
1129720
1129721
1129722
1129725
1129726
1129727
1129728
1129731
1129732
1129733
1129734
1129737
1129738
1129739
1129740
1129743
1129744
1129745
1129746
1129748
1129749
1129750
1129751
1129754
1129755
1129756
1129757
1129760
1129761
1129762
1129763
1129766
1129767
1129768
1129769
1129772
1129773
1129774
1129775
1129778
1129779
1129780
1129781
1129784
1129785
1129786
1129787
1129790
1129791
1129792
1129793
1129796
1129797
1129798
1129799
1129802
1129803
1129804
1129805
1129808
1129809
1129810
1129811
1129814
1129815
1129816
1129817
1129820
1129821
1129822
1129823
1129826
1129827
1129828
1129829
1129832
1129833
1129834
1129835
1129838
1129839
1129840
1129841
1129844
1129845
1129846
1129847
1129850
1129851
1129852
1129853
1129856
1129857
1129858
1129859
1129862
1129863
1129864
1129865
1129867
1129868
1129869
1129870
1129873
1129874
1129875
1129876
1129879
1129880
1129881
1129882
1129885
1129886
1129887
1129888
1129891
1129892
1129893
1129894
1129897
1129898
1129899
1129900
1129903
1129904
1129905
1129906
1129909
1129910
1129911
1129912
1129915
1129916
1129917
1129918
1129921
1129922
1129923
1129924
1129927
1129928
1129929
1129930
1129933
1129934
1129935
1129936
1129939
1129940
1129941
1129942
1129945
1129946
1129947
1129948
1129951
1129952
1129953
1129954
1129957
1129958
1129959
1129960
1129963
1129964
1129965
1129966
1129969
1129970
1129971
1129972
1129975
1129976
1129977
1129978
1129981
1129982
1129983
1129984
1129986
1129987
1129988
1129989
1129992
1129993
1129994
1129995
1129998
1129999
1130000
1130001
1130004
1130005
1130006
1130007
1130010
1130011
1130012
1130013
1130016
1130017
1130018
1130019
1130022
1130023
1130024
1130025
1130028
1130029
1130030
1130031
1130034
1130035
1130036
1130037
1130040
1130041
1130042
1130043
1130046
1130047
1130048
1130049
1130052
1130053
1130054
1130055
1130058
1130059
1130060
1130061
1130064
1130065
1130066
1130067
1130070
1130071
1130072
1130073
1130076
1130077
1130078
1130079
1130082
1130083
1130084
1130085
1130088
1130089
1130090
1130091
1130094
1130095
1130096
1130097
1130100
1130101
1130102
1130103
1130105
1130106
1130107
1130108
1130111
1130112
1130113
1130114
1130117
1130118
1130119
1130120
1130123
1130124
1130125
1130126
1130129
1130130
1130131
1130132
1130135
1130136
1130137
1130138
1130141
1130142
1130143
1130144
1130147
1130148
1130149
1130150
1130153
1130154
1130155
1130156
1130159
1130160
1130161
1130162
1130165
1130166
1130167
1130168
1130171
1130172
1130173
1130174
1130177
1130178
1130179
1130180
1130183
1130184
1130185
1130186
1130189
1130190
1130191
1130192
1130195
1130196
1130197
1130198
1130201
1130202
1130203
1130204
1130207
1130208
1130209
1130210
1130213
1130214
1130215
1130216
1130219
1130220
1130221
1130222
1130224
1130225
1130226
1130227
1130230
1130231
1130232
1130233
1130236
1130237
1130238
1130239
1130242
1130243
1130244
1130245
1130248
1130249
1130250
1130251
1130254
1130255
1130256
1130257
1130260
1130261
1130262
1130263
1130266
1130267
1130268
1130269
1130272
1130273
1130274
1130275
1130278
1130279
1130280
1130281
1130284
1130285
1130286
1130287
1130290
1130291
1130292
1130293
1130296
1130297
1130298
1130299
1130302
1130303
1130304
1130305
1130308
1130309
1130310
1130311
1130314
1130315
1130316
1130317
1130320
1130321
1130322
1130323
1130326
1130327
1130328
1130329
1130332
1130333
1130334
1130335
1130338
1130339
1130340
1130341
1130343
1130344
1130345
1130346
1130349
1130350
1130351
1130352
1130355
1130356
1130357
1130358
1130361
1130362
1130363
1130364
1130367
1130368
1130369
1130370
1130373
1130374
1130375
1130376
1130379
1130380
1130381
1130382
1130385
1130386
1130387
1130388
1130391
1130392
1130393
1130394
1130397
1130398
1130399
1130400
1130403
1130404
1130405
1130406
1130409
1130410
1130411
1130412
1130415
1130416
1130417
1130418
1130421
1130422
1130423
1130424
1130427
1130428
1130429
1130430
1130433
1130434
1130435
1130436
1130439
1130440
1130441
1130442
1130445
1130446
1130447
1130448
1130451
1130452
1130453
1130454
1130457
1130458
1130459
1130460
1130462
1130463
1130464
1130465
1130468
1130469
1130470
1130471
1130474
1130475
1130476
1130477
1130480
1130481
1130482
1130483
1130486
1130487
1130488
1130489
1130492
1130493
1130494
1130495
1130498
1130499
1130500
1130501
1130504
1130505
1130506
1130507
1130510
1130511
1130512
1130513
1130516
1130517
1130518
1130519
1130522
1130523
1130524
1130525
1130528
1130529
1130530
1130531
1130534
1130535
1130536
1130537
1130540
1130541
1130542
1130543
1130546
1130547
1130548
1130549
1130552
1130553
1130554
1130555
1130558
1130559
1130560
1130561
1130564
1130565
1130566
1130567
1130570
1130571
1130572
1130573
1130576
1130577
1130578
1130579
1130581
1130582
1130583
1130584
1130587
1130588
1130589
1130590
1130593
1130594
1130595
1130596
1130599
1130600
1130601
1130602
1130605
1130606
1130607
1130608
1130611
1130612
1130613
1130614
1130617
1130618
1130619
1130620
1130623
1130624
1130625
1130626
1130629
1130630
1130631
1130632
1130635
1130636
1130637
1130638
1130641
1130642
1130643
1130644
1130647
1130648
1130649
1130650
1130653
1130654
1130655
1130656
1130659
1130660
1130661
1130662
1130665
1130666
1130667
1130668
1130671
1130672
1130673
1130674
1130677
1130678
1130679
1130680
1130683
1130684
1130685
1130686
1130689
1130690
1130691
1130692
1130695
1130696
1130697
1130698
1130700
1130701
1130702
1130703
1130706
1130707
1130708
1130709
1130712
1130713
1130714
1130715
1130718
1130719
1130720
1130721
1130724
1130725
1130726
1130727
1130730
1130731
1130732
1130733
1130736
1130737
1130738
1130739
1130742
1130743
1130744
1130745
1130748
1130749
1130750
1130751
1130754
1130755
1130756
1130757
1130760
1130761
1130762
1130763
1130766
1130767
1130768
1130769
1130772
1130773
1130774
1130775
1130778
1130779
1130780
1130781
1130784
1130785
1130786
1130787
1130790
1130791
1130792
1130793
1130796
1130797
1130798
1130799
1130802
1130803
1130804
1130805
1130808
1130809
1130810
1130811
1130814
1130815
1130816
1130817
1130819
1130820
1130821
1130822
1130825
1130826
1130827
1130828
1130831
1130832
1130833
1130834
1130837
1130838
1130839
1130840
1130843
1130844
1130845
1130846
1130849
1130850
1130851
1130852
1130855
1130856
1130857
1130858
1130861
1130862
1130863
1130864
1130867
1130868
1130869
1130870
1130873
1130874
1130875
1130876
1130879
1130880
1130881
1130882
1130885
1130886
1130887
1130888
1130891
1130892
1130893
1130894
1130897
1130898
1130899
1130900
1130903
1130904
1130905
1130906
1130909
1130910
1130911
1130912
1130915
1130916
1130917
1130918
1130921
1130922
1130923
1130924
1130927
1130928
1130929
1130930
1130933
1130934
1130935
1130936
1130938
1130939
1130940
1130941
)


// ************************************************************************* //
